44.747
43.015
43.397
41.65
41.919
39.191
41.602
37.75
39.197
38.113
36.772
37.742
37.221
37.79
36.02
35.983
35.201
36.029
35.39
34.179
34.844
41.89
23.208
28.556
27.281
27.281
28.593
27.977
27.936
25.766
26.919
25.563
24.825
26.037
25.256
21.036
23.11
21.368
21.384
20.515
22.241
21.327
20.115
19.742
18.984
18.707
17.788
16.897
17.162
15.995
15.708
16.012
18.066
-19.252
11.438
8.7968
8.9897
10.057
9.3883
8.2754
8.8639
8.799
6.3869
6.6172
5.2147
6.0587
5.6081
5.5937
3.2902
4.1391
3.1637
4.1655
2.549
1.1769
0.96171
0.13759
1.6054
-0.83841
-2.4073
-1.4423
-0.48248
-1.2409
-1.7714
0.63905
8.3053
-10.757
-9.141
-8.7538
-8.4732
-7.8133
-6.8188
-8.5301
-10.883
-10.517
-11.378
-11.636
-10.689
-12.021
-11.94
-12.862
-14.793
-13.604
-16.419
-14.801
-15.531
-15.556
-18.596
-17.892
-18.17
-18.571
-18.251
-18.838
-19.219
-19.856
-18.055
-17.31
-36.792
-27.43
-26.126
-25.37
-27.601
-26.568
-27.934
-26.884
-30.132
-30.629
-27.566
-29.864
-32.21
-32.46
-31.394
-31.534
-32.039
-31.844
-33.111
-34.049
-33.455
-32.966
-35.514
-36.287
-35.498
-37.513
-38.922
-37.917
-37.816
-37.874
-38.024
-9.3368
-46.833
-43.327
-44.233
-43.655
-44.056
-45.268
-47.518
-45.66
-45.822
-47.791
-47.577
-48.528
-46.915
-49.18
-49.479
-51.266
-51.488
-52.643
-51.09
-51.741
-53.701
-50.504
-52.982
-53.993
-52.962
-57.784
-55.821
-56.067
-55.959
-56.736
-50.918
-70.328
-62.612
-61.729
-62.3
-62.197
-63.722
-62.856
-64.257
-66.038
-65.199
-66.027
-66.956
-65.955
-66.951
-67.78
-68.608
-66.918
-67.956
-69.851
-70.106
-69.207
-69.447
