7.251
7.7268
7.3337
6.729
8.1624
5.9948
8.9713
5.1086
6.3841
7.3946
6.4348
4.5905
6.7757
5.7629
4.5182
5.4595
5.5269
6.6644
4.092
3.5966
3.0927
1.3811
3.5466
0.69659
2.2179
1.9627
2.8478
-0.98652
2.5033
0.88674
-0.044857
1.1041
1.2342
0.48861
-0.62031
2.0164
0.9925
0.097511
2.0534
1.2595
-0.29835
1.6873
-0.61322
0.25751
1.6153
2.0369
1.8691
0.047634
2.9881
3.6242
3.7247
2.1813
2.5491
2.1114
3.5572
3.7271
2.8593
4.6919
4.7498
4.6621
3.3393
2.8212
4.8567
5.6735
2.9342
1.99
5.5836
4.0108
5.1509
4.8356
2.4856
3.1043
2.5123
3.3186
4.0791
2.7265
0.31395
3.3807
1.8695
1.121
-0.81414
1.3685
0.94493
0.74547
-0.95961
-0.89334
-1.352
1.0907
-1.7649
-1.3735
-2.282
-0.67717
-1.7759
-1.845
-1.1098
-1.482
-1.4552
-4.4335
-2.1159
-1.3803
-1.9833
-1.395
-0.11663
-0.90889
-3.1803
-2.7682
-1.9241
-2.2941
-1.5666
-0.084815
-1.661
-1.2261
-0.97408
0.12303
0.67934
-0.31639
-0.29927
1.128
1.0838
1.0023
3.9192
0.80708
1.2208
0.88039
1.6436
0.54319
2.0937
2.9091
1.135
0.92668
0.35236
0.33893
-1.018
0.48209
-0.51714
1.4279
0.11639
-0.21354
0.88525
-2.5476
-0.71278
-2.3804
-2.2531
-1.6435
-1.3049
-3.3279
-2.2304
-1.6126
-4.2064
-4.6142
-3.8928
-3.4994
-4.3543
-5.3841
-4.6454
-4.7256
-5.5277
-6.3312
-4.8793
-5.3774
-5.8129
-6.1122
-5.9879
-6.3376
-6.4701
-4.1019
-5.525
-6.909
-5.5463
-3.8591
-5.3045
-2.8232
-5.2038
-4.9927
-5.0824
-2.6915
-4.2404
-3.0494
-4.9251
-3.6661
-2.2592
-4.0347
-2.553
-1.9184
-0.56893
-1.6054
-1.2188
-2.4602
-2.6476
-1.9984
-2.9583
-0.97725
-1.3824
-1.279
-1.088
-2.5875
-3.2103
-2.2827
-1.8519
-2.36
-2.5046
