0.39894
0.83747
-0.16078
0.17998
1.2822
-0.68498
1.197
0.35343
0.030328
1.4937
1.0038
1.2451
1.0154
1.3546
1.1219
1.2391
2.2563
0.87949
2.0738
2.2576
0.92052
0.48084
0.81229
1.1936
1.6619
1.3843
2.3527
1.3831
0.8512
0.83456
0.19424
0.85757
-0.19941
1.6617
1.7239
0.7813
1.8833
0.0085068
0.63074
0.59961
0.28773
0.43737
-0.2805
1.3815
0.83493
1.0321
0.82373
0.26338
0.19429
0.42964
1.0446
0.94096
-0.13213
0.41389
-0.69813
0.36231
-0.72948
-0.95025
-0.21018
-0.78436
-1.2948
-0.30951
-0.66072
-1.5662
-0.8831
-0.90782
-0.65595
-0.79465
-1.0664
-1.2421
-0.60556
-0.73537
-0.91302
-0.12757
-1.3461
-1.89
-2.2338
-2.4937
-3.0914
-3.2547
-2.3307
-3.3661
-1.9306
-2.3687
-2.376
-1.1077
-2.4319
-1.5056
-1.6115
-2.6907
-2.678
-1.9861
-2.9056
-1.3758
-1.9235
-1.841
-1.3052
-3.1265
-1.709
-2.4075
-2.0611
-1.7265
-2.2136
-2.0723
-2.69
-3.1236
-2.2946
-2.4523
-1.4008
-0.70804
-0.7386
-1.6809
-0.83477
-1.0083
-0.70317
-0.57977
-0.59308
-0.62495
0.214
-1.1041
-0.65011
-0.98048
-0.5215
-1.6945
-1.0493
-1.4247
-0.31809
-0.28749
0.32833
0.32289
0.25839
0.38408
0.11695
-0.94996
-1.0149
0.050982
-0.81765
-1.8846
-0.5786
-0.12625
0.41196
1.2852
-0.061305
0.49142
0.30557
0.50734
0.71892
1.2108
1.0713
1.1085
0.21102
-0.10773
0.089156
-0.096333
0.51674
0.49924
-0.55069
0.32286
-0.059058
-1.3234
-0.62803
-0.66086
0.28412
-0.34153
-0.22542
-0.027743
-0.48882
0.017158
0.76954
0.33451
0.68342
0.06693
0.28209
-0.32588
-0.30849
-1.1791
-0.99977
0.34844
-0.59828
0.10861
1.3086
1.2118
0.062286
0.031326
0.3642
1.6885
1.8334
0.22424
0.99405
1.9114
1.6359
1.8048
2.0942
2.9555
3.4354
2.4014
1.5501
2.1827
2.0564
1.5589
2.5398
1.8917
1.8294
3.1455
2.2439
1.3403
1.848
1.5978
3.159
1.492
1.5865
1.183
1.1512
1.1386
1.8967
0.43742
0.19428
0.90709
1.4937
0.69212
0.50494
-0.050121
0.37527
-0.01637
1.0357
0.62995
0.63152
0.20268
0.37518
0.26933
-0.92582
-0.43288
-0.70983
-1.2638
0.73695
0.092266
0.35184
-0.62399
0.24303
0.68311
1.0094
0.80973
-0.45287
0.88286
-0.14622
-0.57883
-1.3161
-1.7677
-1.1236
-0.9107
-0.12839
-0.24663
-0.73178
-0.60369
-0.80688
-0.15642
-0.20581
0.0012967
-0.20047
-0.67123
-1.1514
-0.73945
-0.62281
-0.67453
0.67082
-0.28201
-0.47021
-0.084021
-0.66801
-1.4427
-0.33572
0.46461
0.39358
1.5814
0.047186
-0.51136
-1.2626
0.1754
-0.23476
-0.56813
-1.4222
-1.3827
-0.98333
-1.2565
-0.60176
-0.58291
-1.1401
-1.6339
-0.32509
-0.44384
-1.0472
-0.89632
-1.6038
-0.24314
-0.96394
-1.26
-0.46167
-0.25023
0.0051469
-0.28764
1.1954
0.40755
0.047287
1.9076
0.98074
1.0313
1.5397
1.9375
1.071
3.0391
0.79835
1.3322
0.80685
1.4369
1.7037
1.2272
1.0094
0.62754
1.7775
1.2502
-0.64428
-0.25448
0.44541
-0.34091
-0.67848
-1.3683
-1.1388
-0.93655
-2.3944
-1.5927
-2.4231
-3.0514
-1.6826
-1.7847
-1.4629
-1.3271
-1.5076
-0.43901
0.35684
0.88799
0.5513
0.44957
0.77194
0.29214
0.56888
0.65806
0.99494
1.4615
1.5157
1.9629
0.71343
0.93863
0.41956
1.094
-0.038671
0.016385
0.083277
1.0826
0.55567
-0.21467
0.81662
1.0148
0.82738
0.82039
-0.50207
-0.14693
-0.74196
-0.73089
-1.3232
-2.1546
-1.7098
-1.7784
-0.70485
-2.1103
-1.8075
-0.082741
-0.71149
-0.81812
-0.82356
0.038547
-0.99892
-0.92684
-1.0415
-1.257
-1.3737
-0.96538
-1.1414
-2.0663
-2.7197
-2.7785
-3.6464
-2.535
-2.6158
-2.7911
-1.4083
-2.7721
-3.5459
-3.7971
-5.0001
-3.3187
-2.8961
-3.6209
-3.5748
-3.8613
-3.7027
-2.8849
-3.3489
-3.8392
-4.1278
-3.4099
-3.5782
-3.8581
-4.6888
-4.0632
-2.9684
-3.3037
-2.7173
-3.0543
-3.6481
-3.4603
-3.6536
-2.4307
-3.1944
-3.2729
-4.0543
-3.4633
-3.7169
-1.4238
-2.078
-1.23
-1.6949
-1.3494
-0.87784
0.12138
-0.19941
-0.9027
-1.2021
0.53021
-1.0971
0.70838
-0.2418
-0.14565
-0.66805
-0.91131
-0.96651
-1.3879
-2.1659
-1.8455
-0.59275
-1.9231
-1.2111
-2.0486
-0.58328
-1.5516
0.19903
-0.78155
-1.1309
-0.56923
-0.84069
-1.0307
-1.2173
-0.88619
-0.64647
0.081448
-1.0517
-0.72243
-0.66895
-1.5762
-1.7531
-2.3244
-0.98604
-2.002
-1.2568
-1.2924
-0.11662
-1.2121
-1.2173
-1.8574
-1.7402
-0.73518
-1.3513
-0.69497
-1.0569
-1.5714
-1.2687
-1.9304
-1.3092
-1.2876
-1.8363
-1.228
-0.47523
-1.1499
-0.5883
-0.70498
-0.89545
-1.6436
-1.1332
-0.28795
-1.0977
-0.20553
-2.0587
-1.5267
-1.2552
-1.3759
-0.98061
-1.1755
-1.5218
-1.7036
-1.475
-0.33107
-1.3481
-0.64263
-1.3822
1.0414
-0.78711
-0.90403
-0.57495
-0.41694
-0.82797
-0.75869
0.80563
0.23671
-0.46289
-1.2735
-0.6453
-0.23142
-1.0031
-0.66929
-0.54236
-1.4325
-1.1102
-1.1077
-1.8708
-0.7211
-1.2888
-0.63934
-1.4755
-0.25683
-0.69885
-0.2341
0.18498
-0.58414
-0.43427
-0.093665
0.29501
1.9159
0.59526
0.032259
0.31553
-0.17791
0.18234
-0.044184
-0.08655
-0.16218
0.55599
0.11123
0.7355
-0.41914
1.0586
-0.079896
0.21306
-0.25326
0.42119
-0.21966
1.8279
-0.5004
0.38727
0.40525
-1.1237
0.13385
-1.059
0.2487
-1.0549
-0.3329
-0.013275
-0.56675
0.69803
0.13703
1.3101
1.7496
2.0605
1.9821
1.4524
2.1551
2.2617
3.5138
2.3796
2.6661
3.6377
2.525
2.7108
1.873
2.3118
3.8427
3.0929
3.6057
3.4088
4.6623
2.7591
3.7204
4.1999
3.7462
4.5723
3.9907
4.2618
4.1019
4.6367
4.5432
4.0856
3.5053
2.7955
1.9285
2.4995
2.7612
3.1338
2.9355
3.4396
1.6102
2.6681
1.951
2.0414
1.9803
1.5904
1.6762
2.1596
2.9648
1.485
2.4027
1.9964
3.1335
3.128
2.3909
2.4893
2.0251
2.6808
2.7984
1.6087
1.6543
2.5285
1.7648
1.5958
1.6105
1.8802
2.7352
2.0397
2.0048
2.2568
2.2133
1.4909
2.9987
2.3607
2.1082
2.0417
1.6541
2.8835
2.6702
2.2327
2.2491
2.93
1.8304
3.1974
2.7408
2.1338
2.2294
1.7776
2.1513
2.2193
2.2267
1.5441
1.4795
1.3127
0.63085
1.4534
1.1267
0.55319
1.4373
1.2682
0.37469
0.67925
0.91581
1.0047
0.4168
0.65927
1.0551
-0.095369
0.8222
0.22197
-0.085911
-0.026476
0.43299
0.7522
0.69962
0.56355
0.76672
0.7818
0.30495
0.69851
1.1279
0.091692
0.56213
1.478
0.82631
0.44601
0.37842
0.57907
0.92753
1.3212
1.8532
1.19
1.2278
2.6479
2.3963
2.1325
2.1069
1.4201
1.493
2.2242
2.4471
2.8737
3.2982
1.9852
2.2931
3.1818
3.8404
3.5326
4.6113
5.4499
3.3988
3.6605
4.9821
4.6903
5.0509
5.8817
4.8483
4.3717
3.9042
5.2197
4.8835
4.2214
5.1556
5.2034
6.3632
5.9381
5.8609
5.6677
6.2085
5.7809
5.4699
4.2933
5.7557
5.1496
4.8905
5.2833
6.2647
6.0759
5.1875
5.2215
4.3026
4.209
4.4734
3.8504
3.1736
2.8061
2.8661
3.3575
2.9338
2.7067
2.8828
2.2249
2.3169
3.4748
2.1193
3.241
2.7569
1.8278
2.4714
2.3159
1.2364
1.4116
1.9271
1.232
0.22688
1.163
0.21269
-0.38326
-0.54401
0.52976
1.0549
-0.018688
0.58406
-0.30895
-0.3817
0.24747
-0.61711
-0.42223
-0.54595
-1.5794
-1.8306
-1.7054
-1.7408
-1.4841
-2.0164
-2.4459
-1.7963
-0.91398
0.0077158
-0.050291
-1.3057
-0.58396
-1.2446
-0.93647
-1.5336
-1.048
-0.30322
-0.8493
-1.9592
-1.6534
-0.024452
-1.4334
-0.39793
-1.727
-2.3112
-1.3885
-1.6136
-1.4066
-2.4262
-2.2186
-1.5772
-1.6116
-2.5006
-3.2779
-2.2397
-2.2402
-1.9605
-3.3111
-2.4374
-2.7103
-2.5374
-2.8006
-3.0628
-2.3273
-2.1556
-3.1129
-1.3393
-2.6164
-2.4702
-3.3118
-2.7554
-2.5058
-2.0516
-2.5216
-2.8238
-2.7495
-2.592
-2.371
-2.9245
-2.9906
-3.0506
-2.1416
-2.5392
-2.0789
-2.2668
-2.1752
-1.7601
-2.7549
-2.3446
-2.4833
-3.0343
-3.2466
-2.0288
-2.584
-2.4819
-2.1898
-2.1069
-1.969
-2.3953
-2.203
-2.4674
-3.1211
-1.9523
-1.6937
-2.7428
-1.5447
-2.7274
-2.4808
-2.4147
-2.4968
-2.1316
-1.6853
-2.5426
-1.2838
-2.2873
-3.68
-1.9209
-3.167
-3.1431
-3.8082
-3.941
-4.6171
-3.4208
-4.204
-4.6622
-3.776
-5.3755
-2.5807
-3.3926
-4.4124
-4.408
-4.3129
-2.8869
-3.9157
-4.0752
-3.1701
-3.1136
-4.9372
-4.8637
-3.5891
-3.4092
-2.9936
-4.122
-3.1118
-2.9424
-2.8008
-3.8278
-2.8416
-2.184
-3.441
-3.7987
-2.5402
-2.5293
-3.404
-3.5371
-2.6543
-2.6996
-2.82
-3.1738
-3.7036
-3.3829
-3.4208
-4.3979
-3.5099
-3.5416
-2.2751
-3.4011
-2.2471
-2.5431
-4.111
-2.175
-2.2418
-3.75
-3.797
-3.8912
-3.1145
-3.1677
-2.9594
-2.6139
-3.046
-2.5757
-2.2296
-3.0682
-3.7045
-3.473
-2.8931
-2.8744
-3.7887
-3.0401
-2.3232
-2.4833
-1.8624
-3.0808
-3.17
-2.4656
-3.59
-3.0221
-1.8612
-2.6398
-3.3092
-2.4463
-2.4095
-1.819
-2.5352
-2.2655
-2.5852
-3.0444
-3.4212
-3.2608
-2.6174
-3.1834
-3.6329
-3.1017
-2.6941
-2.9106
-2.7323
-2.3913
-2.0791
-1.2116
-2.1219
-1.9974
-2.6459
-1.0897
-1.7758
-1.3673
-2.1062
-2.1349
-2.6423
-1.3724
-2.2309
-2.5203
-3.1293
-1.8869
-1.9802
-0.70636
-1.5452
-1.5801
-1.2635
-1.2843
-1.5399
-1.3245
-1.0702
-1.1441
-1.4147
-2.6221
-2.5237
-2.0788
-1.7293
-2.4579
-1.9598
-1.5363
-1.4958
-1.7151
-2.6656
-0.74959
-0.97448
-0.92245
-2.3364
-2.6447
-2.1953
-2.3501
-3.2454
-3.0069
-3.1751
-3.4449
-3.0019
-2.1949
-1.6115
-2.207
-2.0541
-3.8353
-1.6061
-3.4525
-2.136
-1.7777
-2.2313
-2.9716
-2.9374
-2.5597
-1.8427
-1.9451
-2.3815
-1.7442
-2.8291
-1.4928
-1.4852
-1.9755
-1.4853
-0.87669
-1.2948
-0.97027
-1.6116
-1.839
-1.6318
0.26017
-1.0874
0.47618
-0.36631
-0.69942
0.36903
-0.53559
-0.40825
-0.65016
0.89597
-1.0387
-0.78131
-1.0759
-0.76217
-1.0801
0.1348
-0.67447
-0.16554
-0.31009
-0.2338
0.45436
-1.5414
-0.55768
-1.4149
-0.96959
-2.3666
-2.2661
-2.2499
-2.8562
-2.6146
-3.2893
-2.9771
-2.1807
-2.2406
-3.2038
-1.8962
-1.6609
-1.6324
-1.6142
-0.50996
-0.81885
-1.9255
-2.7187
-2.1506
-2.1449
-1.5589
-1.7402
-1.6331
-1.4801
-2.2239
-1.0502
-1.7737
-2.0943
-1.7303
-1.5279
-2.7136
-1.8913
-1.9871
-1.6189
-0.83583
-1.7326
-2.6666
-2.5107
-1.9729
-1.2656
-1.8451
-0.90124
-2.1187
-1.1402
-1.5313
-1.5181
-2.6497
-2.5485
-2.0963
-1.5923
-2.886
-2.6553
-2.7026
-2.6375
-2.9043
-4.0081
-3.4649
-3.1327
-2.8728
-1.6124
-3.6053
-3.8441
-2.8461
-3.877
-3.582
-3.1164
-3.9877
-2.8837
-4.0487
-2.9242
-3.29
-3.4278
-2.9697
-2.5877
-3.4767
-3.624
-3.2751
-3.3346
-3.9235
-4.5522
-4.7127
-3.7877
-3.7191
-3.8517
-4.1895
-4.414
-3.8282
-3.9976
-3.7283
-3.8557
-2.9629
-2.7396
-3.5363
-5.1309
-4.1132
-5.0823
-5.229
-5.1889
-6.1042
-4.3279
-3.7056
-4.3275
-4.3105
-4.6854
-4.5924
-4.9447
-4.9757
-6.3677
-4.3003
-4.9241
-5.7963
-5.4528
-5.906
-5.742
-5.5073
-4.2485
-4.2145
-4.5479
-5.0626
-5.6317
-5.3098
-4.5465
-5.081
-3.9229
-3.613
-3.0467
-4.0948
-4.5119
-4.2581
-4.4648
-4.5782
-3.2074
-2.9874
-2.9192
-2.0772
-2.2288
-1.8121
-3.2516
-3.1873
-2.4893
-3.6021
-3.2995
-2.3419
-2.6815
-2.6996
-2.6987
-1.7095
-0.7558
-2.1327
-1.0215
-0.76521
-0.97413
-1.6543
-1.3329
-1.476
-0.84874
-2.1438
-1.329
-1.0294
-1.1062
-0.56175
-1.7763
-1.043
0.58117
-0.37986
-0.17069
0.29657
0.57417
1.2945
0.70051
0.28723
-0.21641
-0.21665
-0.37723
0.0016775
0.22514
0.001373
-0.20132
0.28664
-1.5329
-0.16111
-0.57245
-0.087217
-0.69638
-0.23358
-1.306
-0.48447
0.65998
0.97965
-0.13724
-0.073073
-1.1206
-0.46269
-0.67641
-0.50624
-1.6978
-1.1992
-1.0076
-1.6136
-0.57352
-0.80455
-0.42816
-0.29438
-0.13812
-0.54707
-0.42827
-0.99697
-2.0218
-0.85764
-0.23209
-2.2207
-0.98162
-0.5137
-1.063
-1.0383
-0.27893
-0.69296
-1.3282
-1.7386
-1.385
-2.8077
-1.9472
-2.1686
-3.1002
-2.1215
-1.9798
-1.9383
-2.444
-2.0782
-2.2523
-2.9644
-2.6755
-1.4019
-1.8455
-1.4232
-3.2115
-3.3695
-1.6426
-2.1424
-2.3084
-3.8503
-2.6742
-2.1565
-2.8787
-2.5438
-2.3611
-1.9328
-2.9029
-1.9695
-3.3289
-1.7074
-2.3651
-3.8063
-2.3253
-2.7425
-1.99
-2.2198
-2.4356
-2.4096
-2.6874
-1.3215
-1.8164
-1.1146
-0.76932
-1.746
-0.51796
-1.4188
-1.5824
-1.5786
-0.89974
-1.2137
-1.3756
-2.2168
-2.5803
-3.0336
-3.0482
-2.7905
-3.1273
-2.75
-3.4414
-2.9882
-2.6189
-2.9772
-2.7074
-2.799
-2.3985
-2.0912
-2.2171
-2.4949
-2.5055
-1.4924
-2.4992
-1.6001
-2.1868
-0.27577
-0.9624
-1.3838
-1.2951
-1.005
-2.1666
-1.6511
-2.4968
-1.4183
-2.2962
-2.5341
-2.4029
-2.1529
-2.3856
-1.6303
-0.8368
-0.84452
-1.3456
-1.0519
-0.4254
-1.4002
-0.43392
-1.564
-0.76255
-0.68859
-0.75702
-0.76629
-0.88507
-0.36484
-0.61398
-0.14905
-0.2631
-0.077826
-1.105
-0.78817
-1.0827
-0.4802
-0.92914
-0.84895
-0.62543
-0.90826
-2.5617
-0.7826
-1.5538
-1.436
-1.5364
-1.7243
-0.64343
-1.3946
-1.2626
-2.2354
-1.8125
-2.198
-1.4796
-1.5442
-2.5612
-1.4108
-2.8968
-2.5425
-1.5554
-2.2104
-3.7043
-3.649
-2.5186
-2.2519
-2.4076
-2.1065
-1.4781
-0.86844
-1.6991
-1.5336
-1.1713
-0.43005
-1.2191
-1.4388
-1.4619
-0.41457
-1.6831
-1.576
-0.40314
-0.64685
-0.64728
-0.14384
-0.16588
0.55346
0.2691
-0.35888
0.75333
-0.46046
-0.33143
0.41624
-0.33177
0.73243
0.51206
-0.17541
0.56693
-0.44443
-0.92948
0.081792
0.28657
0.039282
0.41517
1.3075
1.112
0.77776
0.98466
1.7565
1.9077
2.1646
2.4222
1.4275
1.2004
1.3134
0.97693
2.0176
1.0797
0.67567
0.44619
0.42079
0.47375
0.7944
1.1734
-0.89719
-0.057936
-0.025008
0.81404
0.19653
0.068965
0.98001
1.3327
0.77222
0.31799
0.79107
1.5457
1.1921
1.8481
0.55606
0.93981
0.57596
1.3823
2.0388
1.9254
2.03
1.8793
2.6008
2.7006
1.7999
2.5036
2.7974
3.1933
2.3099
2.0857
2.4705
2.3857
3.5881
3.3958
3.1238
3.2256
3.1649
3.9705
4.3077
2.8136
4.0741
3.6826
3.9644
4.6043
5.2225
3.9892
4.3591
4.7261
3.8432
4.3638
4.5458
3.8276
3.115
3.4418
2.723
3.0527
3.3386
3.7349
3.427
2.8886
2.5287
3.1207
3.5771
2.9007
2.7968
2.5492
3.254
2.3284
2.5395
1.8222
2.6189
2.4411
2.2194
1.6154
2.5759
3.0781
3.3341
2.696
1.2153
1.2387
1.4416
1.7197
1.7004
1.0823
1.3632
0.42576
0.54906
0.92173
0.80007
2.173
1.7549
2.2731
1.7393
1.7805
2.1278
3.0686
2.7763
1.9652
1.6775
1.8344
1.8298
2.7517
2.4606
2.6242
2.3733
2.593
3.037
2.8175
2.9703
1.6467
2.2805
2.2994
3.3897
2.848
3.9938
2.6712
3.21
2.2612
1.5404
0.96416
1.2056
0.85317
0.84485
1.1397
0.80569
0.87239
0.54437
1.6645
1.3492
0.27669
0.72095
0.97634
1.3698
1.0029
0.73479
2.5247
0.42133
0.31902
1.4533
1.2776
1.9507
2.5634
2.2789
2.0531
1.2917
1.638
0.93408
0.92007
1.6432
1.7566
1.2292
2.6468
1.1338
2.0121
2.9987
3.251
3.7333
2.766
3.7489
2.85
3.2965
4.2616
3.0671
3.2457
4.3938
4.0645
3.9389
3.0413
2.9194
3.8646
3.8086
2.8179
2.2704
3.3892
1.9462
2.216
3.1575
2.2993
3.5638
3.1109
3.4693
2.7279
2.6244
4.0328
2.1096
3.0752
2.8534
3.5117
2.7945
3.9131
3.0495
4.0202
4.016
2.9259
2.7759
3.4431
3.9785
3.8126
3.831
2.8915
3.5318
3.2528
3.4237
2.7298
4.0993
3.6562
4.2295
4.4119
3.4411
4.6274
4.0749
3.9114
4.6686
4.1461
3.4631
3.8891
3.3133
2.4979
2.2313
2.2472
2.7899
2.9675
3.1901
1.3532
2.1847
2.5003
2.7394
1.4737
1.7896
2.408
2.3521
3.2447
0.89508
2.3101
2.674
1.4954
1.3638
1.4387
0.89018
0.71973
1.0687
1.6257
0.91815
0.9517
1.8325
1.4591
1.1772
2.1868
1.7984
2.4107
2.0251
1.9309
0.71714
1.533
0.28268
0.096041
0.076861
1.3553
0.86444
1.0119
1.0212
0.20349
0.36815
-0.39731
0.51006
0.51275
-0.51021
0.19074
0.1137
0.19036
-0.24732
0.3098
-0.36338
0.34303
0.53556
0.55863
-0.23162
0.11395
-0.61474
-0.62043
-0.49827
-1.3261
-0.43016
-1.034
-1.8377
-1.2782
-1.6294
-1.176
-1.942
-1.087
-2.0072
-1.9709
-1.2719
-0.99692
-1.3033
-1.4967
-0.36501
-1.3905
-1.2885
-1.5976
-0.59422
-0.81282
-0.60837
-1.2683
-0.47893
-1.3558
-0.20481
-0.82408
-0.89333
0.42497
-0.99289
-0.37229
-1.3805
0.0879
-0.3204
-1.0121
-1.3856
-0.22419
-0.23968
1.232
-0.70053
-0.22687
-0.61032
-0.57579
-0.774
0.025552
0.6589
-0.18596
0.56106
-0.0037145
-0.65924
0.14866
0.12216
-0.31585
-0.99778
-0.76107
-0.56652
0.4017
0.68648
0.36532
0.63489
0.55406
0.74233
1.223
-0.17459
-0.28338
-1.0275
-1.3076
-0.87933
-0.31369
-0.42584
-0.86979
-0.28314
-0.3647
-1.6277
-0.67543
0.091372
-0.49227
0.63196
0.80754
0.23321
0.28661
-0.5508
0.82355
1.0461
-0.648
0.84175
0.1289
1.1726
0.84728
0.98746
1.6113
1.9562
1.4581
0.93083
0.75649
1.1399
1.2956
0.92634
0.93193
1.255
2.1315
1.6455
1.842
1.255
2.1605
1.3187
1.061
0.41967
1.5784
1.605
1.6059
0.99686
-0.30784
-0.39999
0.93104
0.42241
-1.1939
0.4303
0.29254
-0.30216
0.069942
0.73434
0.63956
0.47129
0.15187
0.27271
0.63056
1.3853
0.73447
0.85662
1.254
0.10358
0.67594
1.0414
1.5897
0.25211
0.15642
-0.12052
1.3033
1.2926
0.91587
2.1514
1.4018
0.40518
-0.86574
-0.25508
-0.2526
0.42314
0.085217
-0.25506
-1.0004
-0.28952
-1.303
-0.3224
-0.58413
0.16291
-0.61389
-0.8133
-0.30642
-1.5968
0.026107
-0.49373
-0.68124
-0.58754
-0.97518
-0.7827
-3.0243
-2.6256
-1.9395
-1.5196
-0.69165
-1.3657
-0.83593
-0.78455
-0.97257
-1.0987
-0.76353
-0.85259
0.75621
0.073947
0.80262
0.99144
0.12587
-0.049065
-0.58794
0.92554
0.97364
1.7235
0.614
0.95116
1.0319
1.0741
1.6171
2.1388
0.79953
1.5121
2.4968
-0.052624
0.77243
1.1357
1.8115
1.9618
1.7813
1.2238
1.4768
0.87326
0.074558
1.7803
0.31343
-0.33119
-0.32674
0.10441
-0.085981
0.34418
-0.29761
-1.4401
-0.0025471
-0.14405
0.54538
-0.11146
0.42835
-0.3748
-0.40809
-0.35092
-0.14074
-1.0591
-0.73247
-0.41947
-0.090123
-0.91229
-0.84515
-0.33113
0.63429
0.49973
0.57932
-0.65123
-0.58344
0.21878
0.034084
0.058224
-0.80838
-0.14996
-0.3366
-0.15718
0.088072
-0.36134
-1.2748
-0.38915
-1.2781
-0.82763
-0.87921
-1.8886
-1.744
-0.95872
-2.16
-2.5176
-0.51566
-1.5265
0.034016
-0.97777
-0.67523
-0.21074
-0.23666
-0.20409
0.035336
-0.3853
-1.1369
-0.7699
-1.0928
-0.9666
0.36839
-0.81897
-0.80003
-0.57115
-0.60952
-0.26351
1.4878
0.0079291
0.063579
0.22876
-0.57747
0.35644
-0.73243
-0.57619
-0.55786
-0.29943
-0.53314
-0.50018
0.89802
-1.1856
-1.7787
-0.52795
-0.46186
-1.021
-0.15761
-0.53336
-0.94711
-0.56683
0.031185
0.5383
0.44016
1.6838
-0.24972
1.5925
1.0086
-0.5079
0.056491
1.8132
0.71684
1.2124
2.1743
0.73978
0.54405
0.57444
1.377
-0.10422
-0.1991
-0.69671
-0.59032
-1.4845
0.33651
-1.2855
-0.78833
-1.5887
-1.6577
-1.743
-2.2638
-2.0324
-2.793
-1.1882
-3.2039
-1.3573
-2.3499
-3.2425
-3.5859
-2.2706
-2.568
-1.2841
-3.206
-2.1052
-1.9129
-2.6484
-2.0233
-1.4737
-1.4386
-1.4159
-1.7264
-2.6727
-2.1334
-2.2876
-2.5487
-2.0903
-3.1217
-4.1087
-3.3269
-1.7716
-2.1449
-3.0748
-3.7481
-4.0395
-3.4226
-3.6545
-4.0079
-3.8353
-3.3271
-3.8426
-4.2763
-4.7313
-2.8839
-4.4364
-4.9394
-5.2317
-5.3972
-4.2558
-3.9309
-4.4648
-6.1197
-6.3838
-6.066
-5.3982
-4.8155
-5.2281
-4.0028
-4.7397
-4.9221
-3.7908
-4.1809
-3.9355
-4.3505
-3.9506
-4.3911
-4.0004
-5.1393
-3.3114
-3.5486
-3.719
-3.6096
-4.1312
-4.2272
-2.5743
-3.5805
-3.0801
-3.2231
-2.6298
-3.2311
-3.7397
-3.0729
-3.0555
-3.4938
-3.5888
-3.1073
-2.0562
-3.9202
-2.8151
-2.5796
-2.507
-1.799
-2.575
-3.0839
-2.5438
-1.9846
-1.1973
-0.84225
-1.489
-2.289
-1.2367
-1.4435
-1.5555
-1.738
-1.4467
-1.0799
-1.0509
-0.23896
-1.7077
0.19361
-0.37806
0.59933
0.24059
0.80754
-0.0086182
0.58836
0.99835
1.3925
1.4823
2.1287
0.37313
0.78887
1.5247
0.5047
0.71383
1.4021
1.0893
1.5176
1.2676
1.9995
0.11489
1.2683
0.066068
-0.038796
1.3284
0.86132
0.30324
0.30259
1.1089
1.008
0.98765
0.79706
1.7284
2.0338
2.1766
2.0549
2.7409
2.4548
1.2549
2.7998
2.7711
3.0535
2.7281
2.9751
1.6957
2.4962
3.0291
2.7674
2.6267
2.632
2.7235
3.31
2.9117
2.4165
1.7949
3.6789
3.1816
3.3494
2.8763
2.4022
2.1284
2.6039
1.244
1.5045
2.1604
1.8996
1.9258
2.3273
1.7561
2.8167
1.9517
2.9073
2.4594
2.3955
2.5676
2.2035
3.1259
2.2228
3.6653
2.7115
2.0329
1.9433
2.7846
3.22
2.3356
3.4569
3.6617
2.6387
2.3826
2.6929
1.539
1.9266
2.5543
2.2121
1.8546
2.7422
2.6208
2.7033
3.1039
1.8107
2.2033
2.0899
2.6611
2.4287
2.3011
3.1639
2.0313
1.7481
2.3389
2.5035
2.43
2.3007
1.9848
4.0539
3.2246
3.6524
2.5002
2.9987
3.6169
2.3626
4.032
3.8682
2.9984
2.154
4.1435
3.2879
4.4039
3.991
3.0163
4.3545
3.4595
3.9207
2.5334
2.9733
3.0886
2.79
3.5903
2.3027
2.8306
2.8269
2.387
3.1665
2.1758
1.6048
1.986
0.72606
2.628
1.6833
2.6966
1.7807
2.6884
1.6655
2.2199
3.0516
1.0832
1.7557
0.090265
1.0102
0.32663
1.394
0.70214
0.68455
0.72424
-0.10939
0.43779
-0.15496
0.14932
-0.76332
-1.0259
0.0093042
-0.83196
0.87617
-0.89612
-0.46266
-0.045881
-0.28685
-0.81832
0.41481
-0.28474
0.52852
0.66542
-0.50775
1.3698
0.29258
0.74844
0.70287
0.82097
0.0082474
0.08169
0.95457
0.32733
-0.2555
-1.2147
0.030443
-1.0983
-0.45876
-0.66774
-1.558
-1.7078
-1.2573
-1.0396
-1.5894
-0.79831
-0.34688
-0.48784
-0.54358
-0.91458
0.026652
0.62294
0.85244
0.58696
-1.3441
-0.86736
-0.23998
-0.98493
-1.3196
-0.59203
0.52182
-0.21196
-0.24083
0.22015
0.56705
-0.058191
-0.56738
-0.15881
-0.56313
0.63173
-1.3386
-0.91062
-0.12831
-0.57634
-1.2713
-1.0572
-1.9121
-1.9062
-1.3989
-1.375
-1.0348
-0.11469
-0.11144
-1.5715
-0.78469
-2.4324
-0.2439
-1.3268
0.54854
1.0762
-0.19501
-0.048
-0.90389
-0.95497
-0.99353
-1.3272
-0.27545
0.304
0.87322
-0.24875
0.042724
0.43031
2.3188
1.1417
1.6732
2.2055
0.44762
2.0737
1.5056
1.7134
1.7249
1.1682
1.0092
0.9194
1.0257
0.50762
0.24708
-0.059107
0.40643
-0.95757
-0.78525
-1.2041
-1.2968
-2.205
-1.3353
-2.7183
-2.1946
-2.0819
-0.81837
-1.3705
-1.4479
-2.3274
-1.3776
-2.2563
-2.6575
-1.9379
-2.0887
-2.6589
-2.6672
-2.3695
-2.4756
-1.2251
-2.8253
-2.7411
-2.9954
-2.1708
-2.918
-3.5594
-3.2823
-3.3829
-3.5479
-2.7563
-2.3603
-3.3703
-2.5677
-2.3153
-3.5494
-3.64
-3.3109
-2.7521
-2.2472
-1.9044
-2.0531
-1.631
-2.1768
-3.1156
-2.3238
-1.8699
-2.3584
-2.6483
-2.2983
-2.8542
-2.7186
-1.5811
-2.4697
-2.3117
-2.7589
-2.5863
-3.0876
-3.2979
-3.2065
-4.1154
-4.1785
-4.8315
-4.2796
-3.6703
-3.332
-3.8367
-2.9821
-2.8282
-2.6205
-2.554
-3.5118
-2.9851
-2.5516
-2.1058
-0.96853
-1.614
-1.8443
-2.236
-1.3796
-1.8396
-0.99329
-1.1714
-1.6748
-1.6056
-1.2831
-1.9337
-1.802
-1.3424
-1.2379
-0.71308
-1.2489
-0.80061
-0.90127
0.10715
-0.93125
-0.66972
-0.938
-0.87829
0.038083
0.33093
0.65262
-0.13682
-0.43288
-0.47983
0.038453
1.0146
0.44388
0.32181
0.21633
-0.21566
-0.24507
-1.0954
-0.79163
0.14097
-0.716
0.2793
-0.69349
-0.55011
-0.1522
-0.6899
0.43755
-0.57638
-0.76086
-0.19813
0.09398
0.67475
-0.91414
-0.84609
-0.91515
0.9981
-0.403
0.91477
0.1715
-0.78112
0.0038307
-0.57721
-0.8034
-0.35466
0.40609
0.24129
-0.693
-0.35996
-0.18368
-0.13077
0.62701
-0.56367
-0.88203
0.051002
-1.2704
-0.63197
-0.8652
0.015916
-0.67844
-0.021691
-1.1111
-1.1146
-1.0166
-0.61229
-1.3552
-0.4866
0.23907
-0.091299
-0.77378
-0.66989
-0.3139
0.4826
-1.6391
0.1498
-0.63989
-0.73291
0.68735
0.37141
0.29747
-1.9174
-1.2917
-0.66364
-1.063
-0.88189
-0.769
-0.59297
-0.17991
-0.43076
-0.73577
-0.63665
-0.026697
0.25255
-0.25248
-0.70781
-0.74996
-0.36528
0.10765
-0.67742
-0.38705
-0.55442
0.22663
1.1049
0.33593
-0.097152
0.03481
0.05034
0.2399
0.96508
1.5889
1.1253
0.65786
-0.046613
0.51109
-0.4114
-0.50626
-0.4825
-0.79958
-0.92614
-0.0013332
-2.1633
-1.3777
0.64663
-1.4865
-1.2223
-0.92417
-2.2454
-2.0734
-1.5944
-1.0018
-2.8233
-1.1086
-1.0034
-1.453
-1.9871
-0.87616
-0.44675
-2.0535
-2.1199
-1.7073
-1.8139
-1.6471
-2.3028
-2.7372
-2.6832
-2.6525
-2.7551
-2.2686
-2.3359
-1.482
-2.9647
-1.0155
-0.7893
-1.9283
-2.1971
-1.1783
-0.69419
-0.62592
-1.2107
-0.60049
-0.94297
-0.56958
-2.1818
-1.1324
-0.58482
-0.05775
-1.4901
-0.75201
-1.8836
-1.8089
-1.8318
-0.41754
-0.9526
-1.41
-1.1245
-1.8061
-2.2574
-0.60028
-1.4195
-2.6381
-2.9279
-2.6285
-2.2231
-3.184
-2.6493
-2.141
-3.2297
-2.1262
-3.7207
-2.2644
-2.9024
-2.1002
-1.6934
-2.2543
-2.1074
-2.9279
-2.8379
-1.6809
-2.6693
-2.1107
-1.9451
-2.4067
-3.0114
-3.7739
-3.8963
-3.3917
-2.619
-3.4574
-3.2841
-3.1626
-3.0357
-1.9282
-3.7068
-3.355
-3.2304
-2.8298
-3.4666
-2.2979
-2.7278
-2.1483
-1.9747
-1.7362
-2.5014
-2.2981
-2.2954
-1.8321
-1.9658
-2.5571
-2.8061
-2.5097
-2.9552
-2.1829
-2.1775
-3.3128
-1.8243
-2.7423
-2.9774
-2.9904
-2.6959
-3.0533
-3.4624
-4.0809
-3.4695
-2.8648
-3.4785
-3.4753
-3.7098
-4.1857
-2.1193
-2.2957
-2.0987
-2.1033
-2.16
-2.8112
-1.7057
-2.1352
-2.0845
-1.5905
-2.5251
-2.1236
-1.8401
-3.0525
-2.7768
-1.5231
-0.5569
-1.1445
-1.1348
-1.4158
-2.2824
-2.1735
-0.18282
-0.26056
-1.9266
-1.9921
-1.8363
-1.0162
-2.0086
-2.4857
-2.3453
-1.7297
-2.591
-2.1261
-2.3499
-1.1354
-2.6176
-2.6723
-2.5895
-2.6383
-2.1437
-2.1932
-1.9276
-2.1421
-2.0951
-2.6147
-2.9943
-1.8969
-3.638
-3.9462
-3.3353
-3.3864
-3.0433
-3.1178
-2.9488
-2.9179
-3.4706
-3.2027
-3.1696
-2.5535
-3.3851
-3.7948
-3.2465
-3.6446
-3.5264
-4.2043
-3.6373
-3.3614
-2.9041
-4.0798
-2.89
-3.5018
-3.6023
-3.2038
-4.5462
-4.6134
-5.2048
-3.6866
-3.8578
-4.4317
-3.7706
-3.6172
-2.8636
-2.7978
-2.6256
-2.7378
-2.5357
-3.7052
-2.6486
-2.3264
-1.8359
-1.0237
-1.933
-1.2444
-1.5682
-2.291
-1.5226
-1.5281
-1.5819
-1.8434
-3.1666
-3.3162
-2.7242
-1.8851
-2.0958
-2.183
-1.698
-1.0823
-1.1059
-0.13981
-1.2582
-1.926
-0.42637
0.44245
1.1085
-0.61673
-1.0561
0.4989
0.56841
0.17459
-0.56306
0.23723
0.79924
1.582
1.0205
0.76926
1.1192
0.95047
0.24822
0.97233
2.1968
1.2553
0.54172
2.0219
0.56265
0.37088
1.3153
1.0919
0.65619
-0.084949
0.39261
0.38723
1.3304
0.27829
0.78428
1.4636
1.3795
1.2587
0.72753
1.803
0.4371
1.1155
1.9737
1.5976
3.0857
2.2408
1.4436
2.3464
1.5324
1.3709
0.83817
0.91492
1.3931
0.24516
-0.36621
1.2766
1.1829
1.1494
0.82717
0.036841
-0.51686
-0.46653
-1.2041
-1.0129
-0.31026
-0.47074
-1.3826
-0.94933
-0.66602
-1.2589
-2.0491
-1.5561
-2.2913
-2.0822
-0.48521
-0.63257
-1.1467
-1.4726
-1.1562
-0.44517
-1.4135
-0.30713
-1.497
-1.9224
-0.93986
-1.4641
-0.99465
-1.5425
-1.8476
-1.5375
-2.0225
-1.769
-1.0539
0.10967
-1.8291
-1.2026
-1.0063
-1.2375
-1.0342
-1.2148
-0.91785
-2.0255
-1.3668
-1.0361
-1.8676
-1.7194
-0.39909
-0.70612
-1.9102
-1.8196
-1.2721
-1.4324
-0.91056
-0.44744
-2.333
-1.2038
-1.7641
-0.61171
-0.82891
-1.4239
-1.1227
-0.90586
-0.21144
-0.41101
-0.63299
-0.033317
-0.026843
-0.3644
-0.51854
-1.3003
-0.36024
0.16115
-0.84598
-1.3332
-2.4799
-1.9882
-1.0049
-1.1814
-1.6804
-1.2168
-1.8934
-1.0965
-0.36976
-0.47828
-0.80937
-0.61933
-1.395
-1.398
-0.98694
-1.4039
-1.1469
-0.73282
-2.1887
-1.5618
-0.68085
-0.19757
0.37145
0.24366
0.53671
1.0614
0.073531
-0.76069
0.59562
-0.24324
-0.078705
-0.52823
-1.4958
-1.0115
-0.67761
-0.91906
-1.3531
-0.69457
0.20904
-0.54038
-0.28771
-0.37431
-0.55027
0.25928
-0.20976
0.70485
0.80418
0.98829
-0.1887
1.4672
0.73961
1.71
1.2399
1.1004
1.0335
0.46122
-0.06566
1.0751
-0.28806
1.4131
0.45884
1.3354
1.2854
0.69497
1.2242
1.624
0.41492
0.39673
0.17478
-0.13108
1.4366
0.37357
1.0873
2.1779
0.98281
1.4105
0.48433
0.97353
1.826
0.95113
0.99948
-0.27028
0.1408
1.6091
0.98957
0.41519
0.64766
0.31466
-1.1234
0.13875
0.3523
-0.14353
-1.5721
-0.80555
-1.4189
-2.2493
-1.2331
-0.98392
-0.71397
-2.4292
-2.3109
-2.8797
-2.093
-2.3843
-3.2805
-4.1898
-3.4205
-3.6208
-3.4026
-3.3548
-3.7682
-2.3602
-3.6233
-2.5282
-3.0146
-2.9505
-3.6234
-3.4976
-3.1506
-3.817
-4.8758
-4.7192
-4.7346
-5.7881
-4.259
-4.8099
-5.1819
-4.6638
-3.2905
-4.096
-4.5561
-4.3042
-4.8578
-4.524
-4.2947
-4.6426
-5.4947
-4.2405
-4.0673
-4.459
-5.677
-4.7176
-4.9882
-5.3585
-5.4926
-4.4384
-3.7375
-4.2259
-5.1934
-5.0148
-4.7254
-4.7792
-4.1076
-4.4786
-4.495
-4.4378
-4.2021
-4.4364
-3.5804
-4.1671
-4.1872
-4.3495
-3.6931
-3.7583
-3.7921
-3.3066
-2.7722
-2.3766
-3.5176
-2.7525
-3.3309
-2.5683
-3.2439
-2.9437
-3.3426
-3.4672
-3.3265
-3.3622
-3.4268
-3.0997
-1.8798
-3.5168
-2.4313
-1.6619
-1.405
-1.7994
-2.1214
-2.6581
-1.8103
-2.4099
-2.0049
-1.5419
-2.197
-1.9546
-2.5317
-1.5977
-0.58671
-1.7199
-3.1496
-2.344
-2.5466
-2.6441
-4.2893
-2.0946
-2.308
-2.2081
-2.5579
-2.0897
-1.9983
-0.77958
-1.547
-2.2287
-1.3846
-1.9715
-1.0568
-1.7719
-2.3149
-2.3271
-1.2912
-1.9318
-1.807
-2.3695
-1.9092
-2.1487
-1.9881
-2.8885
-1.7151
-2.0961
-1.8491
-3.0004
-2.5265
-1.9275
-2.351
-1.5378
-2.1549
-1.2631
-1.2452
-1.4234
-1.671
-1.9412
-2.0244
-2.0122
-1.7125
-1.1892
-2.378
-2.0388
-1.2384
-2.0411
-1.8668
-1.0064
-1.8594
-2.8497
-2.3878
-2.3842
-2.889
-2.0307
-1.8691
-2.0289
-1.3812
-1.7992
-1.0898
-2.3608
-2.0302
-2.2534
-2.6698
-2.6059
-2.3042
-2.1904
-2.3912
-2.2144
-0.94187
-0.27455
-2.1025
-1.355
-1.6095
-1.2094
-1.1726
-1.776
-1.9288
-1.4205
-2.7773
-0.77233
-1.6707
-1.945
-1.9726
-1.3588
-1.2754
-2.0064
-1.3026
-1.9782
-2.3799
-2.1498
-2.0649
-0.89484
-0.73086
-0.25733
-1.4664
-1.2045
-1.0379
-1.7484
-1.3182
-1.3387
-1.4484
-2.0074
-1.8266
-1.7244
-1.6563
-1.2963
-1.8398
-1.0683
-1.5888
-2.2074
-1.5964
-0.61163
-0.42462
-1.2532
-1.2584
-0.23395
-1.5846
-1.1158
-0.73748
-0.48073
-0.34757
-0.19008
-2.1336
-0.7055
-1.5367
-1.1769
-0.16733
-0.91012
-0.56217
-0.1023
-1.8971
-0.80432
-1.9218
-1.5356
-1.545
-1.4997
-0.93136
-0.73192
0.15415
-0.55267
-0.45753
0.67251
-1.1389
1.1381
0.54426
-0.45982
-0.41386
0.97915
0.18008
1.1552
2.0771
2.0137
1.8344
2.7598
1.3538
2.1468
2.7879
2.7181
2.0936
2.9945
2.0017
2.1883
-0.024694
1.045
1.3142
2.0218
1.9731
1.9164
2.2814
1.4844
1.808
1.9482
1.9351
3.2004
3.1833
3.7528
3.8599
3.252
2.8672
3.2649
2.6847
1.524
2.4995
2.1268
1.6986
1.2383
1.8569
1.9916
0.66736
1.4268
2.6821
3.0511
2.7882
3.8986
3.7862
3.4814
4.6547
4.4961
4.466
5.3067
3.8488
4.1172
4.3042
5.6702
6.2606
6.6301
4.9467
4.5871
6.3031
5.4182
6.3601
5.3423
4.7245
4.4139
4.5817
4.0053
4.0816
4.2634
4.3824
5.086
4.8828
5.8235
5.0204
4.4474
4.4176
5.4965
4.3369
4.344
4.8238
4.7593
4.2328
3.7933
4.9698
4.1462
4.3403
2.5297
2.5073
2.9895
2.871
3.3656
2.9373
2.9208
2.6047
2.8702
3.5551
3.2495
3.1262
2.7481
3.4833
3.1384
3.3297
3.4066
4.4209
3.0585
3.8525
3.9599
2.6994
3.0968
2.5845
2.258
2.4373
1.8596
2.4472
2.7549
2.5587
2.8405
3.2041
1.7909
3.2554
2.0329
2.8873
2.879
3.5029
3.3755
3.2267
3.8497
3.64
3.7693
3.5426
4.1615
4.3749
3.458
4.2495
3.7317
3.7435
3.5661
2.7175
1.9928
3.0835
2.7039
2.8714
2.8694
2.654
3.2848
2.9707
3.4706
3.3035
3.9131
4.4316
3.5392
3.6122
3.6739
3.85
3.2042
3.0239
3.1318
1.9358
2.6716
2.1514
2.5902
3.0379
2.0664
3.1617
2.9233
2.9689
2.9506
4.1048
2.899
1.4154
3.0554
2.1328
2.9473
2.2708
2.6295
2.8749
3.9108
3.3858
3.2252
3.2851
4.3813
3.2577
3.3211
2.9842
3.1683
3.2441
3.3721
2.7215
1.969
3.1365
2.5596
2.0275
3.4297
1.6061
1.8084
1.2139
3.0968
1.4873
2.833
2.3373
2.7952
3.9472
2.8681
3.4962
3.7387
4.1591
2.7362
3.3717
2.5157
2.5102
2.7379
3.62
3.5547
3.763
4.8317
5.2643
4.6559
4.465
4.1724
4.6187
3.7546
4.2387
3.6008
3.5401
3.0359
2.7316
2.3058
3.7348
3.0124
2.4923
1.9972
2.3832
2.1055
2.5305
3.2982
2.6904
3.9384
4.4671
3.4335
2.8469
3.6727
2.6956
3.3025
3.0282
3.526
2.6476
2.9457
3.1771
3.6494
3.5074
3.9997
4.0421
3.3786
3.3659
3.8894
2.501
3.5062
3.5105
3.0839
4.2012
2.87
2.8858
2.5686
1.9913
2.7111
2.0525
2.4084
2.7782
3.4311
2.3154
1.8118
2.2173
2.1247
1.87
1.0568
1.108
1.7346
2.8895
2.3188
2.3363
3.669
2.2069
1.8588
2.8097
2.3464
1.6712
1.9028
1.5991
2.2686
2.4614
3.0818
2.2859
2.7852
3.1783
2.748
2.5957
2.3215
3.7647
3.8118
4.1185
3.7403
3.2621
4.1933
4.4679
3.405
3.6458
3.4703
3.1753
3.3008
1.9117
3.7445
4.0778
3.7611
3.2671
2.9406
2.0772
2.5365
1.8907
2.0428
1.7568
1.9744
1.074
1.5033
1.569
1.2082
1.5141
2.0887
2.1434
1.9941
3.0444
2.2971
3.8154
3.0775
2.9172
2.2454
1.952
3.0386
2.0481
2.6252
2.9075
3.7078
2.3461
1.6946
2.6062
3.213
2.4041
2.2753
1.9354
1.3073
1.5893
2.0602
2.4855
1.9304
1.1458
1.575
1.5672
1.6234
0.059418
1.6222
1.9597
1.3841
1.2349
1.2112
0.64039
0.39561
0.81707
0.19798
0.72704
0.86686
-0.45208
-0.048775
0.66909
0.21487
0.99689
0.37436
0.89789
-0.035272
-0.1154
0.33592
0.71055
0.45099
0.45741
0.72177
0.43131
-0.28195
0.37468
-0.23721
-0.16326
-0.72134
0.12121
-0.78406
-0.98412
-1.191
0.43319
-0.0081405
0.81603
0.17309
-0.34158
-0.89391
-0.74655
-1.172
-0.39336
-0.6388
-0.51419
-0.89671
-1.5122
-0.35362
-0.40543
-0.10377
-0.37277
-1.1645
-0.46372
-1.1229
-2.0468
-1.1656
-1.3631
-1.634
-1.0523
-0.41099
-1.2415
-1.4328
-0.62232
-0.43406
-0.24341
-0.56141
-1.1662
-0.45032
-1.3691
0.29028
-1.0029
-0.58093
-0.93989
-1.6907
-1.258
-2.3739
-1.7113
-1.5443
-1.1984
-1.4382
-0.94681
-0.67805
-0.012266
-0.97999
-1.3428
-1.218
-1.1772
-1.5473
-1.7006
-0.47704
-1.8246
-1.5316
-2.2525
-2.6033
-1.6811
-2.3143
-0.68168
-1.8854
-1.302
-1.7687
-2.8402
-0.61277
-1.0311
-1.084
-0.95304
-1.4534
-1.8932
0.34718
-1.318
-0.3952
-0.45952
0.018484
-0.36689
-1.1528
-1.2976
-1.3638
-0.029708
-1.1262
-1.4813
-0.79903
-0.68208
-1.2306
-1.4016
-1.4369
-0.7326
-1.7946
-2.1763
-0.50571
-0.82231
-0.25904
-1.6388
-2.0056
-1.9753
-0.83586
-0.87899
-1.357
-1.0333
-2.5092
-2.0354
-0.7759
-2.899
-1.9702
-2.7336
-2.5197
-2.7114
-2.4185
-1.0714
-1.4802
-2.0586
-1.1088
-1.0765
-0.97684
-0.9001
-2.0203
-1.6182
-1.4079
-1.8313
-1.6699
-1.1654
-0.19149
0.12605
-0.16828
0.19778
-0.33488
0.76973
0.27851
-0.71756
0.3896
-1.1413
-1.5393
-1.1952
-1.7895
-1.4771
-1.2188
-1.9498
-1.573
-1.3667
-0.64052
-0.65596
-0.61101
-0.37406
-1.4262
-0.8415
0.034173
-1.3268
-1.1564
-1.4812
-1.9343
-1.8574
-1.8923
-1.8157
-0.88898
-1.3309
-1.9868
-1.7988
-0.58766
-1.9166
-2.0195
-2.3074
-3.902
-3.5277
-3.1371
-3.7778
-4.3211
-3.2896
-3.0974
-3.4343
-3.1596
-2.5753
-2.5266
-2.7902
-2.937
-2.3983
-3.6267
-2.5033
-3.7598
-2.6744
-3.0848
-1.3379
-2.5634
-2.9209
-3.4016
-2.7108
-3.3688
-1.8346
-2.854
-2.6558
-2.5488
-3.782
-3.3036
-3.1557
-3.5675
-3.8449
-3.6716
-4.5981
-3.3663
-3.6545
-4.5532
-4.6224
-3.1723
-3.7196
-2.4712
-2.7892
-3.1039
-3.1823
-3.8334
-3.4351
-2.7054
-2.8493
-3.1406
-2.8724
-2.4717
-2.8787
-3.3571
-3.6112
-3.0043
-2.4365
-3.7553
-3.8828
-3.5678
-4.0537
-4.6325
-3.3096
-3.8617
-4.1835
-3.1881
-3.1615
-3.3274
-3.4726
-3.5337
-3.6663
-3.0573
-2.9055
-2.4213
-3.5693
-2.4161
-2.1974
-3.3336
-2.5919
-2.522
-3.3836
-2.5166
-3.0874
-3.1552
-2.9789
-3.1587
-2.9483
-1.7284
-3.0258
-2.7807
-3.3437
-3.0805
-2.2469
-2.7093
-2.4038
-3.3848
-2.7692
-2.6857
-1.9019
-3.4641
-3.8626
-3.7815
-3.251
-3.9552
-2.6273
-2.9457
-3.591
-3.1678
-2.4752
-1.7732
-1.1265
-2.0546
-3.0276
-1.8566
-2.2695
-3.0937
-2.7454
-3.1846
-2.7091
-3.0245
-2.73
-1.5598
-2.7101
-2.735
-2.3331
-2.1748
-1.7184
-2.9563
-0.42588
-1.3191
-1.1771
-0.40039
-1.0149
-0.52589
0.31867
-0.72396
0.0095915
-0.38978
-0.70434
1.2865
-0.64514
-1.6492
-0.97086
-2.261
-1.2518
-2.0313
-2.5836
-1.6084
-2.5383
-2.6237
-2.768
-2.2115
-2.8138
-2.7535
-1.3776
-1.7086
-2.6253
-1.5293
-1.473
-0.9556
-1.9987
-1.7114
-2.3976
-1.4792
-0.47509
-1.2669
-0.3914
-1.547
-0.81553
-0.31931
-0.0031371
-0.081888
-0.95665
-1.6916
-1.3566
-0.88952
-0.6302
-1.853
-1.0786
0.74448
-1.8355
-1.382
0.10623
-0.33319
0.83144
0.22551
0.21213
-0.79865
-1.2572
-0.50948
-1.0264
-0.61166
-0.63134
-2.4762
-1.7761
-1.517
-1.5152
-2.8531
-0.94186
-1.7657
-0.78694
-0.92397
-0.50832
0.094187
0.37884
0.5377
0.53093
0.32608
0.89656
0.60753
0.38741
0.57345
-0.095029
0.31213
0.18562
-0.38933
-0.52085
1.4362
-0.45866
0.34974
1.0485
0.0055634
0.13619
0.42236
-0.20824
0.65362
-0.38872
0.13012
0.73064
0.58953
1.1763
0.82785
1.4248
1.5597
0.27271
1.0487
1.2317
0.92814
1.5414
1.9815
1.385
1.707
2.084
1.8961
1.7401
1.9158
1.9108
1.1462
2.1595
1.1752
1.7208
1.8001
2.107
2.2214
1.5991
2.0874
2.491
3.2657
1.6659
1.6761
1.9303
2.0547
3.2305
2.4014
2.3662
2.9572
3.0486
2.7443
2.3649
2.5287
2.4788
1.7356
3.1621
1.3721
1.4647
1.0935
1.3776
1.2773
1.1039
2.5881
2.3288
1.8084
3.1525
2.0727
2.8012
2.6537
2.1301
4.1113
2.597
3.2125
3.5048
2.9479
3.5438
2.9759
3.1437
1.5359
1.6297
1.2058
0.81194
0.14099
0.64995
0.58215
-0.21238
1.3619
0.28368
1.4505
0.57795
0.12023
1.7932
1.5489
1.2639
0.01526
0.35838
0.59862
0.50343
0.34428
-1.0921
1.2125
0.60916
1.0533
0.83898
1.5439
0.66982
2.2193
1.7324
2.1446
1.4884
1.9676
0.9591
0.9809
1.2736
1.17
0.34273
1.8272
1.7581
1.2323
2.944
2.5852
1.8736
1.0181
3.3198
2.3119
2.1677
2.6669
2.0134
1.7712
1.4983
2.0624
2.6211
1.6682
1.547
2.6562
1.9705
2.0925
1.7191
1.7606
2.9226
2.1199
2.4195
2.072
2.3682
2.4563
2.872
2.0021
2.3235
3.0533
2.4524
2.7006
2.6189
2.031
2.893
2.4796
2.2633
1.7721
1.4449
1.5623
1.2612
1.0328
1.0055
1.4015
1.5066
2.4134
0.52022
1.7512
1.5527
0.52721
1.5515
1.418
0.29065
0.52438
1.0874
1.0793
0.4825
1.1239
0.78375
0.73126
1.5409
1.2818
0.20893
1.1039
0.0027535
0.86275
0.43028
1.4041
-0.059621
-0.040915
0.38723
0.15107
0.43617
0.34289
0.50732
0.20366
1.2264
1.284
0.65291
-1.0341
0.52835
0.0077429
-0.88872
-0.49541
-0.80148
-0.13146
-1.2742
-0.83319
-1.9735
-0.888
-1.3596
-1.024
-1.1166
-0.51943
0.19327
-1.3394
-1.0643
-0.70092
-0.58391
-0.5096
0.017043
-1.1423
-0.64714
-0.32209
0.75346
-1.0485
-1.5837
-0.13576
-0.94889
0.54702
-0.043149
-0.37714
-0.81606
-0.79619
-0.5941
-0.89198
-0.36395
0.46127
-0.40897
-0.095336
0.75271
-1.128
-0.92656
-1.978
-1.6644
-2.2124
-2.865
-2.7613
-2.77
-3.9361
-2.9748
-2.9144
-3.4713
-4.3357
-4.7598
-4.7959
-4.7346
-5.3467
-5.1884
-4.5365
-5.607
-5.2637
-6.064
-6.3497
-6.3377
-5.8259
-6.1705
-4.3493
-4.9874
-5.6714
-4.8885
-4.8643
-4.6527
-4.9104
-4.1233
-5.4454
-5.6243
-4.6953
-4.4582
-5.736
-5.0297
-6.4252
-5.7545
-6.5963
-5.9971
-5.6659
-5.4716
-4.9051
-4.7143
-5.6029
-6.3502
-5.9656
-6.283
-5.929
-5.0743
-5.0545
-6.3621
-5.9344
-5.012
-5.5515
-6.1627
-5.747
-5.3495
-6.7851
-6.4467
-6.2208
-5.4494
-4.564
-5.0102
-4.6555
-5.1061
-4.6225
-4.7984
-5.2486
-4.9139
-5.701
-5.7955
-5.6932
-5.0873
-4.7026
-4.6278
-5.7864
-4.8276
-5.3282
-4.6198
-6.1181
-5.275
-4.7764
-3.9897
-5.1706
-5.0053
-4.9787
-4.1435
-5.5675
-5.276
-5.4537
-6.4495
-5.0919
-5.7869
-5.0199
-4.5413
-5.1692
-4.5423
-5.4168
-5.6895
-4.3773
-5.9281
-4.4644
-4.9167
-5.0528
-5.6876
-5.0242
-4.4438
-4.8954
-4.3483
-4.6744
-4.0772
-4.14
-3.9839
-2.3844
-3.4834
-2.8586
-2.8103
-2.4239
-3.4927
-3.8885
-4.2881
-4.0424
-3.9298
-3.8352
-4.2277
-3.2429
-3.5997
-3.5521
-3.5119
-2.6106
-2.0271
-2.6686
-3.6526
-2.477
-3.7201
-2.3001
-2.8886
-2.5171
-2.9558
-2.2542
-2.7074
-1.6762
-3.5156
-3.6667
-3.7372
-4.0129
-4.1629
-4.5801
-4.3833
-5.2639
-3.6455
-3.9077
-3.6635
-3.6603
-3.9277
-3.8769
-3.725
-3.4725
-2.2917
-3.8992
-3.1096
-2.9752
-2.8801
-2.9659
-2.2624
-2.7498
-3.3358
-2.879
-1.8162
-0.70945
-1.635
-2.716
-2.166
-2.2785
-1.0451
-2.7266
-2.2408
-2.4142
-2.9729
-3.7806
-4.4162
-3.2295
-3.1699
-2.833
-2.9817
-3.8041
-3.1795
-2.0569
-2.7295
-3.4042
-3.0448
-2.8901
-3.4966
-3.315
-4.3075
-2.7319
-2.8999
-2.3874
-1.0242
-2.2237
-3.1641
-2.5413
-2.943
-2.8973
-1.8901
-1.7002
-2.0937
-2.6157
-1.2706
-1.0882
-0.34305
-1.312
-1.5115
-2.4657
-1.1097
-2.1135
-0.68678
-1.2633
-1.7106
-0.85857
-0.55137
-1.1971
-0.33705
-0.18467
-0.36517
0.10906
-0.091929
-1.3506
-0.21126
-1.3591
-1.4926
0.038249
-0.011631
-0.81507
-1.5933
-1.3569
-1.6407
-1.0057
-0.8256
-1.1997
0.17593
-1.1452
-0.6052
-1.2883
-0.9212
-0.90404
-0.97179
-0.92626
-1.4554
-1.6161
-1.2244
-1.1312
-0.96385
-1.5697
-1.2593
-0.53924
-1.1357
-1.6446
-2.4551
-2.7633
-2.3188
-2.3898
-2.7727
-1.1498
-1.0889
-2.6818
-2.63
-3.1619
-2.2365
-1.4352
-2.6539
-3.2852
-3.5358
-2.198
-2.9384
-3.4471
-3.0507
-2.0201
-1.7776
-2.4709
-2.3309
-2.7879
-2.7113
-2.1772
-1.9118
-1.7764
-1.6191
-2.2585
-1.8232
-2.6813
-1.5023
-1.2528
-2.361
-4.3008
-2.2025
-2.3295
-2.9726
-1.6229
-3.8155
-3.4521
-3.1018
-2.0978
-3.0817
-2.3947
-3.0413
-3.292
-2.0657
-1.4587
-2.3346
-1.869
-2.6508
-2.2564
-2.7214
-2.9989
-2.7415
-2.0797
-2.858
-3.0016
-2.7977
-1.6378
-1.4959
-1.7521
-1.1837
-2.1122
-2.2253
-1.6065
-1.2211
-1.2665
-1.8522
-2.5859
-2.2425
-0.9782
-2.4807
-1.916
-0.57828
-1.7718
-1.5261
-1.0184
-1.5058
-1.988
-2.5342
-1.2247
-2.1684
-2.2244
-2.9672
-2.1769
-2.7093
-2.4489
-2.7931
-2.2465
-1.823
-2.3002
-1.9475
-2.3036
-2.6817
-2.7605
-3.1172
-1.9647
-1.7724
-2.3125
-2.4675
-2.213
-2.4333
-2.592
-2.9062
-2.335
-2.1377
-1.8322
-2.2772
-2.3945
-2.9867
-1.9284
-3.7241
-3.7756
-2.9741
-3.8448
-2.9264
-3.8942
-2.9352
-4.101
-3.2938
-3.0685
-3.0967
-3.606
-3.906
-3.7538
-3.0494
-3.5711
-3.9511
-3.2352
-2.9312
-2.5516
-3.8728
-3.6837
-2.7205
-3.6527
-3.3899
-3.8542
-4.1003
-2.9305
-3.1571
-2.936
-3.2247
-1.9061
-3.6384
-4.7888
-4.7339
-3.0198
-3.8852
-3.9379
-3.7836
-3.6109
-5.0117
-3.3984
-5.1533
-4.9371
-4.6336
-5.1939
-4.238
-4.3167
-4.2289
-4.0941
-3.7691
-3.9312
-3.9806
-3.3306
-3.6002
-3.9824
-3.7409
-3.8787
-4.7576
-4.0112
-3.9016
-4.057
-2.9953
-2.8759
-3.3997
-3.4091
-3.511
-3.7994
-4.2314
-4.2155
-4.3749
-4.7587
-4.3288
-4.087
-4.2777
-3.2493
-4.9217
-4.9217
-5.2899
-4.3636
-3.1167
-4.4802
-3.3478
-4.2256
-3.4159
-3.7033
-4.1008
-3.8077
-5.2726
-4.6433
-4.0755
-4.4494
-4.1346
-4.5616
-4.2637
-4.9096
-5.0972
-3.3915
-3.581
-4.4385
-2.4203
-4.4072
-2.9074
-3.5396
-2.7774
-2.2636
-1.5997
-2.652
-1.7804
-2.069
-0.78182
-2.0176
-1.3239
-2.476
-1.8856
-2.1349
-1.7597
-2.45
-1.1748
-1.0655
-1.366
-1.5707
-1.5237
-1.5728
-0.66083
0.083539
-0.60627
0.43096
-0.019864
-1.9358
-0.37037
-0.33396
0.51245
0.31973
0.60762
-0.36067
-0.22204
0.56806
-0.26434
-0.20947
-0.66927
-0.14754
0.051217
-1.0679
-0.92412
-0.85699
-0.94309
-0.098845
-0.64949
-0.67519
-0.097672
-1.4418
-0.2283
0.072863
-0.9773
-1.0188
-0.80146
-1.0972
-0.66075
0.51614
0.17196
-1.1481
-0.95543
-0.21202
