0.15127
0.7171
0.18423
0.14538
-0.29671
0.45011
0.34957
0.76609
1.0485
0.78807
0.93129
0.95217
0.50872
0.96969
1.2049
1.0698
1.0778
1.2151
1.4393
1.6254
1.2016
1.1013
0.9797
0.70295
1.0179
0.89311
1.0402
1.4841
1.2563
1.3319
1.137
0.83299
0.82968
0.38672
1.0808
1.3847
0.96959
0.95217
0.81419
1.041
0.74529
0.31764
0.41679
0.61541
0.99115
1.2211
1.4444
0.57685
0.45432
0.26225
0.83355
0.76832
0.4842
0.35466
-0.21764
-0.2495
-0.055521
0.057817
-0.17559
-0.42687
-0.79065
-0.96773
-0.72873
-1.0123
-0.61958
-1.3065
-1.2421
-0.86326
-1.3528
-1.2543
-0.91317
-0.88501
-0.7557
-0.74655
-0.5633
-1.0572
-1.6838
-1.7602
-1.5863
-1.7867
-2.4484
-2.2586
-2.3162
-2.3333
-2.2279
-1.9636
-1.392
-1.4421
-1.3115
-1.8648
-2.1197
-2.1832
-1.7686
-1.8927
-1.6075
-1.6931
-1.6062
-1.5331
-1.9301
-1.7394
-1.4049
-1.3549
-1.5885
-2.0669
-2.3686
-2.5536
-2.6094
-2.686
-2.3963
-1.7464
-1.1139
-0.81764
-0.64235
-0.60984
-0.73816
-0.71039
-0.8511
-0.65492
-0.21845
-0.20054
-0.55459
-0.98373
-0.93347
-0.41439
-0.98814
-1.3062
-0.79402
-0.10814
-0.35988
0.22212
-0.15509
0.1653
-0.0055562
-0.5809
-0.31539
-0.689
-0.49281
-0.75308
-0.47941
-0.6376
-0.44554
-0.1294
0.37646
0.41949
0.20887
0.18497
0.71806
0.66054
0.58937
1.2953
0.94731
0.746
0.37828
0.35809
-0.019919
0.086057
-0.25732
-0.61661
-0.26247
-0.66155
-0.45047
-1.0082
-0.62224
-0.44065
-0.055998
-0.41743
-0.17249
-0.69719
-0.3098
-0.07076
0.54448
0.45278
0.38276
-0.030712
-0.064599
-0.19277
-0.61129
-0.45437
-0.38988
-0.46313
0.16767
0.59277
0.22936
0.72849
0.74112
1.0054
1.0376
1.1673
1.1248
1.2261
1.6227
1.895
2.017
2.4867
2.1733
2.3789
2.3955
2.0916
2.1022
1.7283
1.5569
1.76
2.2641
2.6484
3.0872
2.7021
2.3068
2.2717
2.1232
2.3298
2.1533
1.5616
1.292
1.3053
1.0323
0.95474
0.72353
0.12922
0.69071
1.233
1.0174
0.75442
0.48699
0.84223
0.33578
0.36996
0.39721
0.43859
0.75801
0.65822
-0.14368
-0.2584
-0.51227
-0.64464
-0.32124
-0.067854
0.11996
0.01304
0.58749
0.45877
0.63834
0.68679
0.16954
0.40311
0.55731
-0.06447
-0.47675
-0.79629
-1.2576
-0.88429
-0.19521
-0.94877
-0.99524
-1.4254
-1.1814
-0.83007
-0.63533
-0.29204
-0.63304
-0.33885
-0.36406
-0.24795
-0.35157
-0.11769
0.29547
-0.0057024
-0.041282
-0.14473
-0.37125
-0.52145
-0.70556
-0.12925
0.060956
0.21014
-0.055101
-0.28837
-0.32597
-0.44286
-0.53603
-0.60536
-0.37401
-1.067
-1.4336
-1.1341
-1.1567
-0.91263
-0.6411
-0.91954
-1.1318
-1.3169
-0.94279
-0.54216
-0.73679
-1.0431
-0.59813
-0.86033
-0.68069
-0.33116
-0.84586
-0.65072
-0.12412
0.69572
0.70388
0.55871
1.0931
0.68471
1.2338
1.4497
1.2022
1.7288
1.799
1.503
1.484
1.4363
1.4599
1.6651
1.3455
0.99065
0.89757
0.90281
0.4923
0.43202
0.27704
-0.0635
-0.79289
-1.0497
-1.3076
-1.4946
-1.5085
-1.4319
-1.7022
-1.6532
-1.8845
-1.6619
-1.4512
-1.3476
-1.2138
-0.87453
-0.5418
-0.086924
0.31596
0.27886
0.44431
0.097929
0.55634
0.33771
0.64877
0.67192
0.90084
1.0054
1.1838
1.0084
1.0855
1.0948
0.89927
0.3955
0.4042
-0.00092166
0.13161
0.12467
0.3496
0.48653
0.54461
0.61209
0.20753
-0.2895
-0.38393
-0.76073
-1.1668
-1.513
-1.7345
-1.7483
-1.4822
-1.0505
-1.297
-1.2092
-1.1079
-0.99931
-1.2071
-1.0334
-0.68754
-0.83845
-0.97173
-1.089
-1.403
-1.4495
-1.2864
-1.7223
-1.9888
-2.2611
-2.1927
-2.7075
-2.8466
-3.0597
-2.9199
-2.8162
-2.9036
-3.6078
-3.8397
-3.7319
-3.7322
-3.2022
-3.6509
-3.893
-4.0833
-4.0028
-3.7013
-3.9971
-3.7362
-3.7385
-3.4794
-3.8987
-3.6881
-3.8918
-3.532
-3.1309
-2.8922
-2.871
-3.3478
-3.4412
-3.2801
-3.1591
-3.1298
-3.5714
-3.8846
-3.6792
-3.4268
-3.0886
-2.4619
-2.0738
-1.9639
-1.4318
-1.349
-0.64163
-0.4542
-0.40096
-0.44882
-0.66166
-0.69155
-0.26643
0.013605
0.089737
-0.42683
-0.44536
-0.91867
-1.0259
-0.91719
-1.2964
-1.1498
-0.87098
-1.1864
-1.1893
-1.3159
-0.78611
-1.3284
-0.7636
-0.87964
-0.59249
-0.54438
-0.9227
-0.94687
-0.83688
-0.83323
-0.87771
-0.69593
-0.62881
-0.8816
-0.88804
-1.4582
-1.3973
-1.539
-1.4229
-1.6445
-1.7233
-1.3739
-1.1841
-1.0135
-1.2165
-1.2941
-1.1442
-1.1926
-1.0887
-0.5204
-0.69018
-1.0538
-0.97253
-1.1555
-0.69271
-1.3337
-1.2963
-1.2837
-1.1744
-0.87278
-0.80493
-0.95405
-0.97157
-0.63224
-0.7371
-0.67058
-0.9678
-1.0882
-1.0871
-1.3286
-1.5155
-2.017
-2.0589
-1.4939
-1.8861
-1.2847
-1.2626
-0.43348
-0.40688
-0.26526
-0.718
-0.38197
-0.49987
-0.63731
-0.79632
-0.47048
-0.329
-0.54157
-0.40357
-0.24692
-0.48927
-0.65677
-0.58078
-0.77822
-0.84671
-0.4943
-0.5179
-0.99012
-0.55268
-1.262
-1.5425
-1.2122
-1.1115
-0.82613
-0.75748
-0.95658
-0.75894
-0.42116
0.21627
-0.40207
-0.40176
-0.054603
0.3623
0.73826
0.71074
0.012787
0.59655
0.37608
0.21586
0.074858
0.19592
0.32343
0.76853
0.44633
0.52791
0.2508
0.36959
0.24179
0.36476
0.44893
0.30183
0.36936
0.64325
0.3931
0.055751
0.1319
0.030067
0.16886
-0.52346
-0.019917
-0.58027
-0.56204
-0.39581
-0.030425
0.52719
0.90802
1.2698
1.1631
1.3666
1.8779
1.7935
1.9483
2.2119
2.5144
2.2784
2.0802
2.2514
2.1785
2.2049
2.0017
2.1578
2.8864
3.209
3.3154
3.8731
3.9474
3.6555
3.5713
3.7605
4.2311
4.2156
3.8818
3.989
4.17
4.325
4.4206
4.2165
3.6502
3.0293
2.9805
2.7536
2.8824
2.7207
2.6312
2.5125
2.1723
2.4413
1.9561
2.4042
1.9847
1.8916
1.8279
1.9485
1.9708
1.7659
2.3608
2.0143
2.5641
2.8317
2.3505
2.192
2.3919
2.4894
2.4901
1.9699
1.6919
2.2799
1.6156
1.6385
1.8616
1.8916
2.1041
2.1002
1.7948
2.2197
1.8499
2.104
2.6165
2.9433
2.8054
2.4857
2.1087
2.5086
2.4834
2.4245
2.5364
2.5891
1.9412
2.0045
2.0086
1.7987
1.9338
2.1248
2.1253
1.9283
1.829
1.7275
1.4639
1.367
1.3167
1.3281
1.2533
0.906
1.0789
1.1
0.87915
1.0215
0.70635
0.77466
0.80688
0.50654
0.86757
0.57132
0.39398
0.095484
-0.18548
0.055225
0.094248
0.50405
0.38953
0.27434
0.54883
0.94361
0.72559
0.63841
0.90694
0.53703
0.87058
0.66212
0.38937
0.43309
0.42215
0.65788
1.025
1.2819
1.3735
1.5669
1.9385
1.7819
2.0022
1.8445
1.9768
1.751
1.7348
2.1638
2.3026
2.4805
2.4775
2.2714
2.5644
3.114
3.4747
4.0473
3.8418
4.4244
4.3136
4.3539
4.841
5.0052
4.8237
4.7997
4.306
4.6537
4.8898
5.1089
4.8968
4.8975
4.9039
5.3889
5.56
5.5257
5.6129
5.9426
5.8726
5.5215
4.9854
5.1659
5.2001
5.2602
5.4465
5.2869
5.7017
5.7489
5.3069
4.6985
4.0617
3.6611
3.9392
3.5549
3.214
2.9595
2.8154
2.9925
2.8249
2.3131
2.2731
2.307
2.5491
2.5772
2.6662
3.0139
2.661
2.7727
2.6407
2.0235
1.558
1.2457
0.98851
1.0761
0.74345
0.33063
0.511
0.74149
0.48419
0.97806
0.3714
-0.020709
-0.30042
-0.40618
-0.43887
-0.332
0.079473
0.036033
-0.57808
-1.185
-1.5703
-1.6407
-1.5863
-2.0394
-2.1514
-2.1229
-1.8626
-1.3887
-0.79759
-0.76138
-0.73915
-0.6398
-1.0757
-1.0276
-1.1414
-0.75953
-0.31101
-0.77349
-0.8481
-0.61468
-0.63764
-0.90794
-1.055
-1.3171
-1.3918
-1.3748
-1.6344
-1.8093
-1.8248
-1.9961
-1.4818
-1.7964
-2.289
-2.8441
-2.0893
-2.1533
-2.188
-2.7943
-2.9335
-2.9709
-2.539
-2.748
-2.6087
-2.3766
-2.2118
-2.5664
-2.4553
-2.7898
-2.81
-2.9641
-2.8256
-2.7377
-2.4022
-2.5838
-2.6924
-2.7415
-2.6663
-2.7855
-2.8682
-2.8468
-2.1903
-2.2473
-2.5568
-2.1324
-2.6216
-2.0133
-2.4658
-2.7935
-2.4309
-2.4897
-2.6712
-3.0405
-3.0895
-2.8551
-2.6576
-2.5691
-2.2714
-1.9833
-1.4886
-1.9411
-2.1856
-2.1971
-2.2688
-1.7143
-1.7741
-2.0839
-2.2655
-1.9608
-2.0488
-1.8654
-1.9944
-1.8676
-2.1644
-2.2758
-2.1466
-2.4387
-2.6013
-3.0015
-3.4556
-3.8441
-3.9609
-4.4594
-4.1229
-4.3505
-4.4426
-4.179
-4.0668
-3.3009
-3.4394
-3.1706
-3.5161
-3.4973
-3.2112
-3.4978
-3.5416
-3.2513
-3.6306
-4.1904
-4.203
-4.0177
-3.902
-3.5836
-3.1062
-2.9546
-3.1124
-3.135
-3.0741
-3.361
-2.7933
-2.8563
-2.6801
-2.7804
-2.7126
-2.8799
-2.7521
-3.1596
-3.2338
-2.9546
-3.0308
-3.2187
-3.6584
-3.5405
-4.1485
-3.6438
-3.4024
-3.121
-3.3544
-2.7692
-2.952
-3.178
-2.9633
-3.0327
-3.3294
-3.03
-3.0263
-3.3135
-3.0031
-3.0689
-2.4701
-2.6467
-2.4055
-2.2727
-2.8249
-2.9818
-2.9076
-2.8902
-3.0078
-2.9434
-2.6427
-2.5482
-2.5255
-2.3991
-2.4449
-2.3628
-2.7146
-2.8256
-2.6015
-2.4738
-2.8911
-2.4571
-2.4105
-2.2855
-2.0418
-1.777
-2.3442
-2.7332
-2.5859
-2.9521
-2.5784
-2.5878
-2.6908
-2.8248
-2.5249
-2.2403
-2.6363
-2.382
-2.042
-2.0865
-2.3191
-2.2322
-2.1366
-1.8241
-1.703
-1.6585
-1.581
-2.1017
-2.1079
-2.1059
-1.7632
-1.9956
-1.9645
-2.0774
-1.8409
-1.4716
-1.3027
-1.2317
-1.329
-1.4568
-1.1047
-1.1702
-1.1284
-1.2652
-1.0143
-1.3978
-1.779
-2.3525
-1.9812
-1.9933
-1.7144
-1.5323
-1.7589
-1.6538
-2.3478
-1.7648
-1.8373
-1.563
-1.6783
-1.6884
-2.5008
-2.5034
-2.3677
-3.0882
-2.8436
-3.2788
-3.0339
-2.9268
-2.7323
-2.2681
-2.5055
-2.7656
-2.735
-2.496
-2.4467
-2.3954
-2.7041
-2.9191
-2.2932
-2.5685
-2.3754
-2.0392
-2.0503
-2.0677
-2.2186
-2.0622
-1.8586
-1.7474
-1.4885
-1.5315
-1.6047
-0.97973
-1.3356
-1.6234
-1.5556
-1.3582
-1.0062
-0.89326
-0.12322
0.027759
-0.15458
0.12787
-0.37523
-0.43222
-0.32864
-0.041067
-0.33634
-0.49392
-0.58599
-0.69153
-1.0102
-0.42626
-0.33571
-0.43275
-0.33657
-0.81725
-0.77598
-0.86941
-0.66776
-0.91967
-1.6599
-2.1445
-2.1864
-2.2001
-1.906
-2.1966
-2.5151
-2.3759
-1.9464
-1.7754
-2.4372
-2.0273
-1.6402
-1.6445
-1.8328
-1.3634
-1.0288
-1.6668
-2.1685
-1.5904
-2.0342
-1.7066
-1.9659
-1.6753
-1.5171
-1.6227
-1.7759
-1.6775
-1.7469
-1.7454
-1.8363
-2.2818
-2.1678
-1.8347
-1.4588
-1.6649
-1.8554
-1.6084
-2.0706
-1.5818
-1.1324
-1.1246
-1.0415
-1.2933
-1.0349
-1.2191
-1.7018
-1.6548
-2.0538
-2.4197
-2.1228
-2.3156
-2.3638
-2.7066
-3.1197
-3.0365
-3.1246
-3.4176
-3.277
-3.0064
-2.5982
-3.1878
-3.4609
-3.2697
-3.5694
-3.4396
-3.7275
-3.9913
-3.5148
-3.3654
-2.9484
-3.3069
-3.6221
-3.2656
-3.6499
-3.4516
-3.4119
-3.5681
-3.6224
-3.9007
-3.703
-3.9245
-3.9713
-4.2569
-4.2628
-4.0213
-3.9045
-4.1983
-3.9227
-3.9441
-3.7121
-3.5405
-2.9479
-3.3889
-3.6994
-4.2401
-4.6096
-4.7165
-4.6074
-5.0924
-4.4158
-4.4087
-4.3738
-4.5454
-4.3322
-4.457
-4.8618
-5.1645
-5.2829
-4.7954
-4.9029
-5.1694
-5.4614
-5.8657
-5.3787
-5.5018
-4.9116
-4.8026
-5.0618
-5.0667
-5.0489
-4.695
-4.7341
-4.7529
-4.1043
-4.2957
-4.0125
-3.9544
-4.1801
-3.9059
-4.1132
-3.5797
-3.7022
-3.297
-3.065
-2.3415
-2.6437
-2.7209
-3.2563
-3.0997
-3.0101
-2.6344
-2.3174
-2.6235
-2.5841
-2.3445
-2.2596
-1.781
-1.1875
-1.2595
-1.074
-0.91811
-0.7916
-1.5169
-1.4101
-1.2982
-1.4611
-1.5799
-1.6207
-1.1822
-0.57934
-0.66346
-0.60964
-0.22147
-0.05229
0.035166
0.059189
0.36655
0.83032
0.77307
0.67179
0.47212
0.56294
0.062476
-0.16283
0.10586
0.15536
0.092758
-0.42702
-0.33882
-0.40419
-0.55002
-0.25863
-0.43746
-0.83694
-0.70993
-0.93586
-0.58599
-0.03571
-0.42651
-0.50375
-0.53936
-0.6267
-0.80109
-0.91772
-1.2865
-1.2304
-1.3069
-1.1512
-0.90113
-0.81943
-0.63706
-0.52857
-0.66709
-0.79739
-0.69723
-0.64959
-0.48207
-0.8717
-1.018
-0.99919
-1.2914
-1.0751
-0.96674
-0.8159
-0.8789
-0.49477
-1.0324
-1.2633
-1.6006
-1.8048
-2.1826
-2.2534
-2.1604
-2.1959
-1.9435
-1.899
-2.0925
-2.2535
-2.27
-2.3999
-2.654
-2.4364
-1.882
-1.9003
-2.0469
-2.1594
-2.1611
-1.7477
-1.9887
-2.3019
-2.5324
-2.6059
-2.7366
-2.7803
-2.6107
-2.8185
-2.1677
-2.6069
-2.6119
-2.5748
-2.3334
-2.7749
-2.7458
-2.7892
-2.9746
-2.5646
-2.1562
-2.5192
-2.7273
-2.0779
-1.7392
-1.6961
-1.3093
-1.1163
-1.1843
-1.267
-1.5059
-1.6128
-1.5125
-1.5833
-1.5027
-1.7255
-1.9423
-2.572
-2.2779
-2.9143
-2.5679
-2.7651
-2.7666
-2.9284
-3.0221
-3.1333
-3.1341
-2.8767
-2.9418
-3.0014
-2.6731
-2.5455
-2.414
-2.221
-1.9244
-1.8986
-1.9439
-1.6728
-1.3916
-1.5366
-1.465
-1.3372
-1.4541
-1.6403
-1.7838
-1.8322
-2.1137
-2.1428
-1.7354
-1.4067
-1.2475
-1.2132
-1.1214
-0.68374
-0.71702
-0.90909
-1.1341
-1.0337
-0.66643
-1.1474
-1.1983
-1.2112
-0.82556
-0.91617
-1.0614
-0.35926
-0.40488
-0.36175
0.14482
-0.010379
-0.34944
-0.7783
-0.82584
-0.76781
-0.59256
-0.99849
-1.3992
-1.0067
-1.55
-1.6564
-1.3755
-1.4784
-1.1909
-1.3096
-1.9453
-1.6819
-1.53
-1.8125
-2.0229
-1.8718
-2.1615
-2.3135
-1.9181
-2.1091
-1.9494
-2.1218
-1.9493
-2.2538
-2.855
-2.6607
-2.7233
-2.3913
-1.952
-2.1484
-1.8053
-1.832
-1.4081
-1.3632
-1.4195
-1.106
-0.52384
-1.1557
-1.101
-0.89476
-1.1493
-1.0429
-0.93346
-0.67876
-0.59058
-0.63817
-0.29803
0.34245
0.43451
0.58051
0.15866
0.10092
0.022133
0.18829
0.098369
0.24317
0.24913
0.19832
-0.030682
-0.29404
-0.33262
-0.34209
0.57731
0.27978
0.52921
0.7458
0.758
0.51203
0.80238
0.89283
1.5147
1.5797
1.402
1.6024
1.7418
1.3249
1.1731
1.1292
1.0153
0.65454
0.51883
0.3735
0.55916
0.13802
0.18404
0.56193
0.11662
0.045499
-0.024126
0.36863
0.43663
0.4546
0.85885
0.91098
0.93966
1.0342
1.0857
1.1999
1.1841
1.0717
0.94731
0.76404
0.74743
1.0481
1.4055
1.8175
2.1195
2.2058
2.6864
2.9148
2.4745
2.1728
2.1182
2.3233
2.343
2.5783
2.5724
2.4117
2.8058
2.941
3.4918
3.461
3.2142
3.2311
3.6774
3.5563
3.9566
3.7591
3.9782
4.2929
4.4297
3.9253
4.2005
4.1353
4.0366
3.8382
3.9041
3.7887
3.8078
3.5823
3.0627
3.1135
3.5064
3.2271
3.2272
2.8943
2.2986
2.6447
2.7572
2.783
2.8776
2.9015
2.6705
2.2295
2.4232
2.3279
2.3767
2.3641
1.9302
2.1627
2.3439
2.0844
1.8367
1.8422
1.7506
1.6762
1.7969
1.7946
1.2177
1.2236
1.4514
1.0202
0.278
0.79087
0.97291
1.2383
1.1237
1.4986
1.6397
1.8473
1.9578
2.2236
2.1318
2.0732
2.0538
2.2274
2.1355
2.0886
2.1088
2.047
2.1828
2.1238
2.6494
3.0856
2.4408
2.1221
2.009
2.0744
2.7668
3.0067
3.1427
3.0621
3.03
2.2209
1.8779
1.4563
1.0795
0.79214
1.1033
0.99958
0.57317
0.12461
0.7553
0.83639
1.1466
0.89568
0.86535
0.85951
0.95808
1.0722
1.2159
1.4943
0.76111
1.0396
1.0015
1.1514
1.6311
2.1029
1.9612
1.7167
1.8002
2.1662
1.7063
1.7996
1.9437
1.8167
2.065
1.8766
1.7336
2.149
2.8236
2.8636
3.3444
3.0041
3.2236
3.1074
3.2812
3.4109
3.7987
4.3584
4.5065
4.2553
3.5334
3.6338
3.7752
3.2889
2.8571
2.5833
2.5638
2.8304
2.4373
2.4304
2.602
3.1961
3.3029
3.0296
2.7332
2.5926
3.0547
2.7933
2.7216
3.1061
3.4337
3.2203
3.0653
3.2372
3.1686
3.3068
3.3972
3.0451
3.1797
3.3477
3.1954
3.1308
3.0749
2.9395
3.0702
3.4573
3.5948
2.8983
3.2818
3.7769
3.5891
3.6809
4.3615
4.5008
4.5315
4.0767
4.444
4.3274
3.9371
3.4151
3.1823
2.8974
2.5301
2.5159
2.3779
2.7921
2.706
2.374
2.516
2.3807
2.2089
1.9485
1.9267
1.9022
2.2179
2.0793
1.957
1.595
1.8696
1.8413
1.6804
1.1675
1.2394
0.83147
1.058
1.0354
1.0496
1.1062
1.7163
1.7029
1.8952
1.9559
2.5267
2.4346
2.1851
1.7389
1.4177
1.6407
1.2056
1.0744
1.0049
1.0204
0.80886
1.0107
1.0164
0.76828
0.35784
0.059084
0.23381
0.39776
0.57884
0.30812
0.30814
-0.015108
0.30317
0.38207
-0.088163
0.025096
-0.115
0.098516
-0.25666
-0.12588
-0.12805
-0.849
-0.7074
-1.1676
-1.5014
-1.2669
-1.7393
-1.832
-1.8257
-1.5371
-1.3621
-1.3667
-1.7936
-1.6654
-1.2351
-1.356
-1.3083
-1.3861
-1.3798
-0.94848
-1.0682
-1.0553
-0.62313
-0.15854
-0.35143
-0.96237
-0.74016
-0.68363
-0.50157
-0.74177
-0.7531
-0.39571
-0.34696
-0.63321
-0.85751
-0.39566
-0.22809
-0.59603
-0.49543
-0.26662
-0.12344
0.20456
-0.16815
0.20499
0.0073875
0.058785
-0.22064
-0.41589
-0.098242
-0.27803
-0.31434
-0.78756
-0.82813
-0.64104
-0.40583
-0.62795
-0.58845
-0.19172
-0.44899
-0.0067648
0.2026
0.42501
0.47535
0.15104
0.36012
0.41853
0.1082
-0.14308
-0.45318
-0.94898
-0.69641
-0.90452
-0.53278
-0.71562
-0.15973
-0.22543
-0.5266
-0.41815
0.037252
0.36325
0.28571
0.023117
-0.081427
0.051483
-0.03811
0.27527
0.51226
0.29145
0.4899
0.63377
1.2241
1.1961
1.3289
1.4803
1.9749
1.2781
1.0283
0.58993
0.53148
0.88296
1.1123
0.77779
1.2734
1.4235
1.303
1.4198
1.2468
1.1227
1.0023
0.68778
0.51526
1.0645
1.0709
0.49789
0.5655
0.63797
0.20139
0.11061
0.11623
-0.18321
0.15306
-0.23903
0.55578
0.24206
0.062739
0.27909
0.24433
0.066767
0.32955
0.65099
0.8333
0.81457
1.1241
1.3345
1.114
0.99049
0.86388
1.2164
0.99461
0.27742
0.27135
0.64698
1.4484
1.3947
1.4411
1.0053
0.33576
-0.13681
0.23322
0.56843
-0.034846
-0.27688
0.02604
-0.62227
-0.84982
-0.71864
-0.57713
-0.60658
-0.48347
-0.61178
-1.1204
-0.58167
-0.85947
-0.45212
-0.73547
-0.7745
-1.0575
-1.2627
-1.5868
-2.0986
-2.0108
-1.9925
-1.3216
-1.301
-1.3723
-1.0713
-1.2584
-1.1717
-1.1206
-0.87328
-0.53674
-0.02306
0.37299
-0.076871
0.07762
-0.069674
-0.22819
-0.0069373
0.78475
0.96486
1.1683
1.0539
1.3877
1.1755
0.87443
0.87173
1.2342
1.1767
1.1869
1.1452
0.76937
0.85667
1.3492
1.5171
2.0046
1.9234
1.5726
1.3814
1.2924
0.56434
0.37494
0.60301
0.26482
-0.33954
0.19999
-0.11677
-0.15434
-0.30053
-0.62362
-0.19373
-0.41682
-0.2579
-0.44261
-0.11189
-0.47067
-0.38535
-0.29924
-0.42848
-0.59637
-0.66557
-0.73743
-0.57487
-0.69116
-0.40143
-0.1963
0.08266
-0.065407
0.12633
-0.27495
-0.13641
-0.1217
0.029247
-0.42061
-0.46203
-0.19579
-0.19263
-0.017358
-0.2669
-0.42598
-0.48804
-0.50485
-0.62524
-0.8766
-1.3012
-1.5275
-1.8124
-1.9317
-1.9891
-1.2763
-0.995
-0.75833
-0.60835
-0.60504
-0.52332
-0.18874
-0.43261
-0.30265
-0.59445
-0.58868
-0.88614
-0.66773
-0.5924
-0.89602
-0.48403
-0.74971
-0.30928
-0.12326
0.21276
0.63112
0.43217
-0.11883
0.21987
0.34555
0.082997
0.26002
-0.31956
-0.2987
-0.84408
-0.52564
-0.56815
-0.19556
-0.36929
-0.57484
-0.74551
-0.37873
-0.6484
-0.41952
-0.59618
-0.23782
-0.17531
-0.16224
0.13243
0.40466
1.1168
1.0105
0.66601
0.89806
0.7367
0.0045839
0.57631
0.74917
1.0744
1.1367
1.3369
1.4199
1.0735
1.0767
0.52197
0.16268
-0.25002
-0.60507
-0.94281
-0.89723
-0.90053
-0.81118
-0.65468
-1.0729
-1.0869
-1.5715
-1.7789
-1.7425
-1.8357
-1.8474
-2.3223
-1.8993
-2.3833
-2.3062
-2.4027
-2.1578
-2.0208
-1.7421
-1.9737
-2.0252
-2.0706
-2.6304
-2.1574
-1.3811
-1.1902
-1.5434
-1.4124
-1.9763
-2.3084
-2.2817
-2.522
-2.7761
-3.2232
-3.6817
-2.9803
-2.5999
-3.04
-3.2965
-3.6599
-3.9582
-4.1509
-4.2368
-4.1744
-3.8905
-3.8231
-3.4986
-3.7679
-3.9203
-4.0823
-4.3446
-4.4473
-4.4117
-4.6286
-4.7461
-5.0479
-5.0544
-5.5785
-5.7967
-5.4975
-5.404
-5.1684
-4.3724
-4.0901
-4.5025
-4.5513
-4.2704
-4.0006
-4.0108
-4.2038
-4.5647
-4.6697
-4.5887
-4.777
-4.5151
-3.7408
-3.7661
-3.778
-3.9244
-3.9679
-3.2122
-3.4442
-3.3919
-2.987
-2.904
-3.2036
-3.391
-2.9836
-3.081
-2.9875
-3.1284
-3.1737
-3.0549
-3.0154
-2.6755
-2.7643
-2.4495
-2.3102
-2.3835
-2.4336
-1.7916
-1.8485
-1.1718
-1.4727
-1.3028
-1.6347
-1.2891
-1.8139
-1.6404
-1.4181
-1.1395
-0.90854
-0.66576
-0.41361
-0.75223
-0.15296
-0.035075
0.18894
0.58565
0.27467
0.38027
0.48251
0.6455
0.94116
1.0006
1.0829
0.94233
1.0059
1.2807
1.1589
1.006
1.1882
1.1203
0.99108
1.1327
1.4933
0.93123
0.62797
0.40294
0.41805
0.64304
0.36355
0.32537
0.20771
0.6782
1.1309
0.9335
1.4515
1.7931
1.8219
1.9965
2.5948
2.2004
2.3682
2.2192
2.4088
2.9822
2.9089
2.8527
2.7267
2.3562
2.6956
2.7748
2.7455
2.79
2.8663
3.0182
2.7866
2.8385
2.8032
2.8282
3.0694
3.2706
3.0932
2.8024
2.9431
2.7501
2.2523
2.0916
2.0186
1.7822
1.8428
1.7534
1.6158
2.1589
2.2117
2.7791
2.6764
2.5955
2.3182
2.0825
2.6844
3.1217
2.7024
3.22
2.9416
2.5975
2.1518
2.2154
2.6742
2.9398
2.9006
3.0417
2.7749
2.2566
2.4294
2.1987
2.271
2.6414
2.3586
2.709
2.8752
3.182
3.0003
2.8456
2.4609
2.3752
2.3978
2.2976
2.0185
2.2683
2.6438
2.3218
2.0042
1.8146
2.4298
2.601
2.464
2.5247
2.8809
2.6354
2.9726
3.1422
3.345
3.3804
3.0758
3.4775
3.7851
3.5935
3.2462
3.5218
3.6786
4.0112
4.2093
4.1149
4.0706
3.766
3.2753
2.7252
3.0975
3.5543
2.7137
2.91
2.3927
2.3734
2.3736
2.2562
1.8951
2.2073
2.1396
2.0496
2.2346
2.1233
2.1467
1.8839
2.0662
2.2417
2.1914
2.043
2.1934
2.0536
1.6323
1.3394
1.3782
1.0514
0.77923
0.19908
0.40151
-0.24804
0.38401
0.16406
0.39572
0.34469
0.036616
-0.1997
-0.20141
-0.43184
-0.20667
-0.56532
-0.36909
-0.30461
-0.4105
-0.11818
-0.12605
-0.17682
0.081656
0.14085
0.17113
0.12022
0.24201
0.26703
0.32473
0.44933
0.014415
0.50094
0.39665
-0.042819
-0.37838
-0.20332
-0.081208
-0.25676
-0.31153
-0.55042
-0.92497
-0.87504
-1.2713
-1.0808
-1.1063
-0.7774
-0.72577
-0.61744
-0.53057
-0.41373
-0.089918
-0.15058
-0.3065
-0.89898
-0.52179
-0.16547
-0.53295
-0.71092
-0.27429
-0.24542
-0.1982
-0.23296
-0.22229
-0.0081375
-0.023803
-0.24826
-0.37088
-0.71807
-0.28065
-0.13357
-0.3697
-0.51036
-0.068758
-0.70171
-1.3355
-1.216
-1.2837
-1.2546
-1.4675
-1.5672
-1.589
-0.94793
-1.2182
-1.8094
-1.4258
-1.1303
-0.53386
-0.81211
-0.50783
-0.14762
-0.24025
-0.49307
-0.98252
-1.0738
-0.92751
-0.82532
-0.65952
-0.40357
-0.16167
-0.24581
0.49661
1.1534
1.1786
1.3436
1.7538
1.5755
1.4245
1.7856
1.5319
1.6866
1.3684
1.1127
0.70648
1.1174
0.8172
-0.26028
-0.34631
-0.15557
-0.18417
-0.66154
-1.1975
-1.4438
-1.3832
-1.4882
-1.5477
-1.5741
-1.6479
-1.6852
-1.2325
-1.1931
-1.5142
-1.703
-1.7712
-2.1257
-2.6719
-2.2751
-2.565
-2.2894
-2.3881
-2.1391
-2.5941
-2.3246
-2.1496
-2.537
-2.5159
-2.3235
-2.8102
-3.1698
-2.9622
-3.2013
-3.1141
-2.9374
-2.6453
-2.4281
-2.3628
-2.2807
-2.889
-3.0889
-2.8756
-2.4493
-2.5873
-2.0087
-1.7394
-2.0449
-1.7821
-2.0292
-2.3437
-2.4642
-2.6268
-3.0265
-2.7045
-2.4684
-2.2748
-1.8986
-2.2241
-2.3552
-2.49
-3.0614
-3.0088
-3.3818
-3.7708
-3.8493
-3.8507
-4.3675
-3.9235
-3.685
-3.4004
-3.6306
-3.3639
-3.0626
-3.098
-2.8448
-3.0793
-2.8999
-2.2013
-1.9381
-1.6066
-2.0502
-1.9055
-1.5938
-1.5673
-1.3262
-1.3991
-1.4632
-1.3813
-1.1445
-1.3853
-1.0235
-1.0303
-1.1243
-0.86046
-0.82748
-0.67558
-0.74927
-0.86813
-0.73207
-1.0165
-0.79408
-0.69457
-1.0657
-0.6105
-0.13361
-0.27944
-0.34282
-0.32161
-0.58389
-0.25136
-0.10012
-0.18192
0.062114
0.16003
0.10214
0.10339
-0.25811
-0.42397
-0.52287
-0.46186
-0.28891
-0.02174
-0.20554
-0.18232
-0.50159
-0.39359
-0.38711
-0.24579
0.026073
-0.22356
-0.086958
-0.5336
-0.79591
-0.37368
0.099663
-0.025207
0.46387
0.3099
0.36501
0.029174
-0.39506
-0.6534
-0.40811
0.13856
-0.080326
0.15645
0.25452
0.26458
0.08232
-0.017976
-0.1301
0.098839
-0.010069
-0.48359
-1.0692
-0.6893
-0.52437
-0.62288
-0.65304
-0.92789
-1.2045
-1.1545
-0.82083
-0.66565
-0.63995
-0.25392
-0.63724
-0.3229
-0.066678
-0.12409
-0.1505
-0.16175
-0.29485
-0.4499
-0.43375
-0.15075
-0.34144
-0.31811
-0.9072
-1.4227
-1.1406
-0.78254
-0.42182
-0.49556
-0.43356
-0.30367
-0.1783
-0.43431
-0.45217
-0.47778
-0.1846
-0.01151
-0.26801
-0.42926
-0.426
-0.28569
-0.60053
-0.51364
-0.19484
0.38276
0.61325
0.095152
0.090643
0.18299
0.23714
0.60937
0.82693
0.86432
1.0679
0.61291
0.62644
-0.015117
-0.30861
-0.55976
-0.62646
-0.85498
-1.2033
-1.0352
-1.7699
-1.2877
-0.89406
-1.267
-1.3972
-1.3626
-1.5859
-1.6858
-1.3602
-1.0029
-1.384
-1.3239
-1.3232
-1.1479
-0.95085
-0.91509
-1.1708
-1.6191
-2.19
-2.162
-1.8772
-2.2181
-2.2897
-2.5774
-2.5268
-2.5758
-2.1406
-2.2924
-2.3744
-2.1496
-1.6966
-1.274
-1.0559
-1.6473
-1.4486
-1.3511
-0.93925
-0.59827
-0.76012
-0.7608
-1.1514
-0.97742
-1.2576
-1.4335
-1.1838
-0.78209
-0.91285
-1.1676
-1.2173
-1.4766
-1.4421
-1.4046
-1.5018
-1.1519
-1.399
-1.7479
-1.6262
-1.5454
-1.8659
-2.1282
-2.5966
-2.4564
-2.3106
-2.303
-2.4119
-2.4219
-2.7976
-2.3359
-2.5947
-2.4911
-2.4075
-2.1524
-1.9181
-2.1227
-2.01
-1.6768
-1.9068
-2.0283
-2.621
-2.6438
-2.7389
-2.815
-3.0669
-3.598
-3.6736
-3.5681
-3.2097
-3.2001
-3.4723
-3.4124
-3.3543
-3.2494
-3.1815
-3.1091
-3.0012
-2.8171
-3.0918
-2.9293
-2.1801
-2.203
-1.9174
-2.2582
-2.313
-2.5005
-2.2161
-2.501
-2.2069
-2.5596
-2.558
-2.6421
-2.8874
-2.7731
-2.7749
-2.8485
-2.5859
-2.8226
-3.1069
-3.2205
-3.493
-3.388
-3.6361
-3.0671
-3.2212
-3.6929
-3.8563
-3.8974
-3.4603
-3.1557
-2.8196
-2.2559
-2.059
-2.0303
-1.8364
-2.3877
-2.2743
-2.3876
-2.424
-2.0598
-2.4419
-2.3791
-2.4875
-2.8459
-2.2763
-1.961
-1.3496
-1.3483
-1.4415
-1.7293
-1.7907
-1.4561
-0.87644
-0.9155
-0.9994
-1.3154
-1.5634
-1.5319
-1.4614
-1.4272
-1.6156
-1.6545
-1.5909
-1.6684
-1.9612
-2.3391
-2.6318
-2.4476
-2.5638
-2.2385
-2.2187
-2.0911
-2.4149
-2.7044
-2.1265
-2.3498
-2.3292
-2.7991
-3.4069
-3.8641
-3.5658
-3.1661
-3.3138
-3.3471
-3.4323
-2.9513
-2.9079
-3.1215
-3.5593
-3.4142
-2.9552
-3.2833
-3.5571
-3.2281
-3.3857
-3.7607
-3.4954
-3.37
-2.9456
-3.2108
-3.7557
-3.2471
-3.9802
-4.0132
-4.273
-4.1263
-4.3037
-4.0646
-3.7699
-4.0479
-4.1346
-3.2049
-2.8352
-3.0402
-3.0543
-3.1194
-2.6415
-3.0148
-2.5007
-2.4294
-1.9291
-1.5229
-1.5405
-1.6168
-1.8256
-1.875
-1.4881
-1.4192
-1.855
-2.2878
-2.3138
-2.7418
-2.8885
-2.352
-1.7155
-1.4604
-1.3905
-1.4155
-1.3173
-0.61566
-0.90068
-0.77143
-0.34102
0.0095511
0.13895
0.18615
0.46072
0.30436
0.393
0.31703
0.33411
0.60196
0.29227
0.56487
1.1912
1.3429
1.1398
0.69436
0.81537
1.2709
1.5795
0.88797
0.89541
1.0978
0.908
0.98044
1.0077
1.1539
0.93574
0.65646
0.6276
0.84025
0.84554
0.66461
0.72527
0.67143
1.114
1.1933
1.64
1.2752
1.0186
1.4718
1.5903
1.9617
2.0276
1.6832
1.6436
2.0763
1.7586
1.542
1.1166
1.0592
1.0071
0.65802
0.88307
0.92189
1.0573
0.69709
0.1935
0.034949
-0.12884
-0.83801
-1.0063
-1.1128
-0.77915
-0.87782
-1.3121
-1.2406
-1.2378
-1.3993
-1.5111
-1.7356
-1.6081
-1.7928
-1.0281
-1.6228
-1.4846
-1.6573
-1.1909
-0.84224
-0.83225
-1.0262
-1.1613
-1.2114
-0.96529
-1.2212
-1.7219
-1.6276
-1.5166
-1.5398
-1.5194
-1.3996
-1.1077
-0.6351
-1.2841
-0.93594
-0.92161
-1.0906
-0.75142
-0.89855
-1.2378
-1.3812
-1.5615
-1.4989
-1.3255
-1.1997
-0.64571
-1.2553
-1.7671
-1.504
-1.5693
-1.5745
-1.3663
-1.1363
-1.3057
-0.8926
-1.0999
-0.913
-0.85616
-0.91959
-1.009
-0.53266
-0.81151
-0.26704
0.10411
0.39007
0.38641
-0.17697
0.10031
-0.51193
-0.43582
-0.89156
-0.86525
-1.2398
-1.4958
-1.5798
-1.5503
-1.4223
-1.4634
-1.4093
-1.5447
-1.2038
-0.74468
-0.67112
-0.10123
-0.59204
-1.1128
-0.96205
-1.0988
-0.98928
-1.4819
-1.4434
-1.5334
-1.3245
-0.99233
-0.4952
-0.085288
-0.05292
-0.017025
0.12432
-0.32501
0.13385
0.037718
-0.4195
-0.68001
-0.81651
-0.96029
-1.273
-1.61
-1.1135
-0.54271
-1.0861
-0.58888
-0.26596
-0.28963
-0.073973
0.13667
0.1275
0.54438
0.485
0.45978
0.64734
0.8021
0.94849
0.74734
0.9973
1.2137
1.1609
0.5683
0.44243
0.53987
0.60635
0.63415
0.88059
0.99915
1.279
1.4165
1.2339
0.62898
0.83695
0.82195
0.92008
0.55468
0.4493
0.71794
1.0495
1.1354
1.1678
1.3588
1.1559
0.82845
1.0754
1.4356
1.0715
0.95078
0.51311
0.63775
1.2759
1.0263
0.43055
0.43014
-0.15781
0.01032
-0.025089
-0.26104
-0.07799
-0.36844
-0.16448
-0.52299
-0.90237
-1.1408
-1.1679
-1.2992
-1.6908
-2.0441
-2.0534
-2.119
-2.3998
-2.6815
-2.4831
-2.9221
-3.2829
-3.4102
-3.1272
-2.9693
-2.9018
-3.1155
-3.1651
-3.2887
-2.9326
-3.4121
-3.76
-3.6294
-4.0681
-4.7046
-4.5976
-4.6442
-4.7932
-4.9483
-4.8694
-4.6715
-4.5541
-3.8866
-4.1757
-4.8659
-4.6272
-4.8519
-5.037
-4.8439
-4.7676
-5.0386
-4.7395
-4.6475
-4.7124
-4.8182
-4.918
-5.2718
-5.634
-5.2483
-4.965
-4.9814
-4.8943
-4.7931
-4.4811
-4.7156
-4.3982
-4.0212
-4.4863
-3.872
-4.336
-4.487
-4.5271
-4.5299
-4.4403
-4.7415
-4.2851
-4.0051
-3.8027
-3.2846
-3.4892
-3.3329
-3.1074
-2.8289
-2.1476
-2.915
-3.046
-3.009
-3.0722
-2.8993
-2.9565
-3.3453
-3.4789
-3.2045
-2.9681
-2.033
-2.0458
-1.9128
-1.7873
-1.7285
-1.9224
-2.0847
-2.347
-2.4318
-2.3775
-2.1629
-2.2573
-2.0496
-1.986
-2.182
-1.7339
-1.6189
-1.7343
-2.496
-2.2059
-2.0573
-2.2109
-2.352
-2.3939
-2.4081
-2.3196
-2.3653
-2.1526
-1.884
-1.7014
-1.72
-1.8537
-1.3976
-1.8805
-1.7103
-1.4767
-1.7677
-1.9622
-1.9878
-2.4157
-2.2137
-2.527
-2.0551
-2.1226
-2.24
-2.3372
-1.6685
-1.9056
-1.968
-2.1282
-1.8719
-1.9481
-2.013
-2.224
-1.8418
-1.4238
-1.3094
-1.6589
-2.1379
-2.0344
-1.9166
-2.0634
-2.1851
-2.1681
-2.0562
-1.8568
-1.9982
-1.3871
-1.5674
-2.0036
-2.3163
-2.3075
-2.0487
-1.9722
-2.0591
-2.041
-2.1945
-2.1208
-1.5266
-1.4923
-1.6404
-2.1095
-2.0087
-1.9771
-1.9327
-1.8757
-2.0885
-2.2114
-1.7741
-1.5463
-1.4986
-1.0443
-1.1876
-1.2897
-1.2865
-0.97186
-1.6828
-1.5997
-1.4796
-1.5408
-1.861
-1.6836
-1.9819
-1.8372
-1.6885
-1.5082
-1.4359
-1.9132
-1.7471
-1.5839
-1.556
-1.5152
-1.3492
-0.80762
-0.83253
-0.98223
-1.1312
-1.313
-1.1055
-1.0141
-1.0492
-0.75853
-1.3845
-1.908
-2.0119
-1.6399
-1.6314
-1.725
-1.9554
-1.7608
-1.5675
-1.6123
-1.6084
-1.5289
-1.1785
-1.0078
-1.1298
-1.1631
-1.0381
-0.58911
-0.58637
-0.39693
-0.33548
-0.69888
-1.1491
-1.3527
-1.409
-1.3216
-1.0685
-1.1741
-1.0797
-0.79679
-1.4311
-1.3049
-1.5087
-1.4937
-1.234
-0.72964
-0.75926
-0.53312
-0.45709
-0.71284
-0.61615
-0.24869
-0.19342
0.34281
0.76178
0.58232
0.43716
0.56651
0.81994
1.5083
1.9448
1.6943
1.5893
2.1598
2.3314
1.8199
2.4101
2.8259
2.5813
2.8223
2.1463
2.1698
1.1097
1.4301
1.4689
1.8781
2.0493
2.3045
2.1813
2.2196
2.1726
2.239
2.4252
2.9205
2.7431
3.3073
3.3081
2.7749
2.8722
2.3046
2.2
2.1259
2.0065
1.9249
1.7964
1.9532
1.6965
1.3328
1.4071
1.943
2.363
2.7644
2.5718
3.2668
3.5827
3.7955
4.3014
4.5188
4.8281
4.993
4.8619
4.7873
5.0501
5.4829
6.0216
6.0194
5.4583
5.2324
5.1997
5.1937
5.2299
4.9423
4.414
4.672
4.2171
4.2574
4.1171
4.1951
4.4602
4.8129
4.7749
5.2787
5.3411
4.921
4.9611
5.0273
4.7772
4.9973
4.4972
4.1562
4.0924
4.4787
4.4485
4.6563
3.8898
3.4344
3.0918
3.177
2.7955
3.0125
3.1409
3.0349
3.0869
3.326
3.4393
2.8602
2.9953
3.3807
3.3124
2.868
3.3833
3.888
4.282
3.6788
3.3237
3.3621
2.9887
2.8312
2.4223
2.2758
2.4526
2.6692
3.0271
2.8143
2.943
2.6593
2.4489
2.3576
2.3219
1.9317
2.1307
2.6805
2.754
2.7515
3.0517
3.342
3.5565
3.5417
3.6396
3.821
3.9856
3.6419
3.9583
3.6647
3.5911
3.1527
2.6627
2.6126
3.0487
2.5654
2.7156
2.7967
2.549
3.0884
3.0554
3.3847
3.1607
3.4278
3.5789
3.9111
3.9668
3.7593
3.6505
3.301
2.7553
2.6602
2.795
2.84
2.4953
2.6958
2.4883
2.395
3.1461
2.6061
3.1823
3.3192
3.3235
2.971
2.3708
2.1787
2.2763
2.6411
2.491
2.8653
3.2377
3.7485
3.5402
3.5726
3.1744
3.2226
3.6097
3.1402
3.0405
2.7861
2.6288
2.6959
2.8364
2.3776
2.5812
2.1322
1.9694
1.9844
2.0801
1.5351
1.7815
2.1783
2.2425
2.6015
2.8278
2.9308
3.2001
3.4997
3.7561
3.5456
3.1046
2.8952
2.7674
2.6976
2.8091
2.8018
3.8429
3.591
3.2696
4.1225
4.339
4.4043
3.9481
4.2645
4.2061
3.6199
3.5764
3.4309
2.8152
3.0219
2.4196
2.6351
3.0185
2.6222
2.7903
2.5417
2.7274
3.0775
2.8337
2.9741
3.2443
3.3704
3.8785
3.5829
3.0465
3.2427
3.2145
3.2763
3.0352
3.4225
3.3143
3.2764
3.1203
3.2164
3.5125
3.7685
3.517
3.5089
3.6629
3.293
3.4605
3.4934
3.6344
3.178
3.1043
2.8599
2.9374
2.6897
3.0827
2.8034
2.6567
2.1794
2.3301
2.2582
2.0887
2.2995
2.1731
2.1204
1.7214
1.5273
1.9467
1.7926
2.4082
2.3485
2.4557
2.7268
2.6128
2.6231
2.7946
2.8252
2.3007
2.1034
1.7214
1.8485
2.235
2.743
2.8427
2.7063
3.118
3.495
3.0714
3.2234
3.5712
3.615
3.7258
4.3043
4.0663
4.2709
3.8493
3.9933
3.3627
3.1319
3.2725
2.7215
2.5134
3.1094
3.3949
3.0037
3.0532
2.9831
2.7817
2.5679
2.3513
2.2179
2.0648
1.8927
1.7695
1.4098
1.4288
1.3969
1.7496
1.7181
1.9057
1.7885
2.0475
2.2171
2.7849
2.825
2.4214
2.5127
2.457
2.804
2.254
2.507
2.3619
2.2877
2.3595
2.1499
2.1007
2.0148
2.5224
2.4333
2.0631
1.7399
1.9043
1.7145
1.7907
1.4699
1.3689
1.5904
1.4622
1.4176
1.1539
1.566
1.5898
1.3884
1.3913
1.2905
0.79083
0.26427
0.32108
0.26269
0.26593
0.31605
0.069762
0.089716
0.016876
-0.053282
0.33366
0.35165
0.35622
0.47096
0.31246
0.6253
0.47419
0.68439
0.73398
0.59226
0.26573
0.11362
0.10203
-0.29519
-0.88206
-0.8746
-1.0354
-0.96213
-0.7457
-0.24071
-0.34507
0.081522
0.47457
-0.30717
-0.23353
-0.66164
-0.77063
-0.86078
-0.5114
-1.3165
-0.79863
-0.98337
-1.0287
-0.57299
-0.49755
-0.41734
-0.64546
-0.53147
-0.59247
-0.84583
-1.2293
-1.4426
-1.2282
-0.94584
-0.83589
-0.568
-0.79784
-1.1352
-0.91029
-0.88106
-0.89812
-0.94757
-0.93252
-0.44202
-0.77233
-0.69582
-0.61621
-1.0803
-1.0923
-1.0463
-1.2996
-1.5409
-1.594
-1.6235
-1.4299
-0.99624
-1.2037
-0.91682
-0.67743
-0.32868
-0.89813
-1.0628
-1.2501
-1.3813
-1.4534
-1.0486
-1.169
-1.7267
-2.054
-2.4999
-2.3802
-1.9123
-2.0797
-1.6709
-1.9565
-2.0226
-1.8297
-1.5918
-1.4019
-1.2156
-0.98412
-1.051
-1.1133
-0.94049
-0.86457
-0.85045
-0.61663
-0.56186
-0.98784
-0.63392
-0.80657
-0.85249
-0.86083
-0.96468
-0.75598
-0.82423
-1.0265
-1.257
-1.5396
-1.5171
-1.5188
-1.2437
-1.4225
-1.1752
-0.74153
-1.2312
-1.6898
-1.7691
-1.5662
-1.3902
-1.1454
-1.2694
-1.6303
-1.6816
-1.4739
-1.4108
-1.7173
-1.5625
-2.1678
-2.1103
-2.1871
-1.9494
-1.219
-1.0297
-1.1294
-0.9859
-0.94808
-1.1495
-1.387
-1.8064
-1.6159
-1.7772
-1.6454
-1.216
-0.78717
-0.72115
-0.35872
-0.16218
0.0034606
0.032962
0.025676
-0.074578
-0.60789
-0.71438
-1.1878
-1.0964
-1.3999
-1.3099
-1.2058
-1.2893
-1.7164
-1.1335
-0.80799
-0.53962
-0.33069
-0.85165
-1.0553
-0.97161
-0.74066
-0.59328
-1.0049
-0.99666
-1.0589
-1.2485
-1.2345
-1.5498
-1.2804
-1.3695
-1.3218
-1.6134
-1.358
-1.7875
-2.188
-2.4059
-2.9973
-3.6503
-3.9118
-3.6859
-3.687
-3.672
-3.6407
-3.5564
-3.3401
-2.9412
-2.26
-2.2754
-2.5986
-2.7356
-2.5386
-2.8203
-2.4596
-2.5612
-2.2249
-2.3651
-2.4143
-2.8665
-2.8498
-3.0132
-3.2303
-2.841
-2.7278
-2.7487
-2.6742
-2.9392
-3.0923
-3.491
-3.3779
-3.4788
-3.56
-3.7816
-4.0707
-3.8825
-3.9294
-3.8035
-3.9227
-3.8768
-3.6758
-3.0803
-3.0691
-3.2238
-3.3454
-3.247
-2.9944
-3.0725
-3.11
-3.042
-3.0642
-3.5304
-3.4643
-3.8135
-3.654
-3.6299
-3.2415
-3.6924
-3.7255
-4.0561
-3.9272
-3.9382
-3.7628
-3.3438
-3.4222
-3.1994
-3.3269
-3.3207
-3.3733
-3.8696
-3.6506
-3.1288
-2.8659
-2.9799
-2.9418
-2.6871
-2.6113
-3.2129
-3.0135
-2.8277
-2.6633
-3.0533
-2.8689
-2.5298
-2.9912
-2.8278
-3.0576
-2.7642
-3.16
-2.9666
-2.9777
-3.2599
-2.78
-2.8127
-2.5288
-3.0204
-3.0064
-2.8399
-2.9018
-3.5461
-3.8368
-3.6585
-3.2135
-3.3928
-3.0421
-3.0045
-2.9349
-2.7566
-2.4309
-1.9442
-2.1643
-1.9977
-2.4301
-2.201
-2.2199
-2.3094
-2.6721
-2.5349
-2.4805
-2.5983
-2.5172
-2.5765
-2.438
-2.4824
-2.4062
-1.9827
-1.8619
-1.8674
-1.5117
-0.89203
-0.81875
-0.97744
-1.2113
-1.1726
-0.63035
-0.64493
-0.52084
-0.55245
-0.2754
-0.30147
-0.48764
-1.1775
-1.6136
-1.8145
-1.8847
-2.1391
-2.2951
-2.613
-2.5657
-2.2648
-2.7806
-2.701
-2.7856
-2.5593
-2.3089
-2.1419
-2.0544
-1.5403
-1.5007
-1.0718
-1.3491
-1.432
-1.8379
-1.4126
-1.1243
-0.95009
-1.0717
-1.3686
-0.9959
-0.77711
-0.72999
-0.6509
-0.90472
-1.216
-1.3353
-0.81716
-1.0523
-1.1347
-1.0569
-1.0216
-0.9045
-0.70552
-0.72772
-0.41259
0.17734
-0.14702
-0.40303
-0.30266
-0.50942
-0.64129
-0.93186
-1.0728
-1.0737
-1.4838
-1.7136
-1.9262
-1.8111
-1.9124
-1.6737
-1.2726
-0.7868
-0.48948
-0.39183
-0.29271
0.14374
0.43429
0.82971
0.69051
0.65932
0.40637
0.59796
0.76164
0.58148
0.74336
0.70868
0.2424
0.79703
0.7322
0.35036
0.46621
0.18486
0.40032
0.2707
0.19457
0.2353
0.38064
0.045568
0.38469
0.8946
0.84149
1.0269
0.91821
1.1172
0.79435
0.85833
1.2444
1.2356
1.2965
1.6612
1.576
1.5
1.6567
1.7222
1.8241
1.5645
1.7482
1.7164
2.1329
1.7006
1.7332
1.5554
1.91
1.8399
2.261
2.0404
2.3094
2.0297
2.2111
2.181
2.2919
2.0895
2.2842
2.2045
2.3673
2.4052
2.6985
2.5494
2.5596
2.5459
2.3788
2.4438
2.4912
2.301
2.0498
2.0208
1.6983
1.5538
1.3796
1.6819
2.4062
1.9206
1.9381
2.2717
2.0994
2.4288
3.1635
3.1996
3.5852
3.4446
3.3308
3.1492
2.5759
2.9735
3.1739
2.6066
2.4495
1.7339
0.91887
0.89784
0.55143
0.46436
0.78692
0.76611
0.52991
0.79315
1.0074
0.56274
0.74619
1.0038
1.0686
0.80706
0.63252
0.87006
0.83574
0.54847
0.76421
0.46265
0.89772
1.004
0.83176
1.0727
1.3576
1.4831
1.5862
1.7675
2.199
2.2063
1.7362
1.2371
1.0731
1.1252
1.2174
1.0815
1.2645
1.615
2.343
2.2233
2.0802
2.2038
2.373
2.5407
2.633
2.6402
2.398
2.4942
2.4591
2.3947
2.2856
2.6459
2.0314
2.0148
2.6609
2.3033
2.0512
1.9231
1.655
2.1831
1.6008
2.164
1.9203
1.882
2.0777
2.2174
2.1938
2.1239
2.1603
2.2485
2.2878
2.2072
2.2306
2.2953
1.9552
1.76
1.9109
1.2602
1.3744
1.438
1.623
1.62
1.5092
1.2221
1.7769
1.6899
1.5929
1.4655
0.98336
0.8512
0.85279
0.89587
0.69181
0.38418
0.78901
0.63257
0.93952
1.2872
0.86027
0.5452
0.6914
0.7508
1.3059
0.93472
1.0601
0.54763
0.21477
-0.11537
0.044036
0.012293
0.32677
0.40978
0.78722
0.69214
1.0399
1.1458
0.59612
-0.2737
-0.66107
-0.57463
-0.4414
-0.0059803
-0.459
-0.66906
-0.88663
-0.79384
-0.74934
-0.8992
-0.99868
-1.2239
-1.0047
-0.94163
-0.64299
-0.37852
-1.0447
-1.0159
-0.94209
-0.52376
-0.5177
-0.42203
-0.42456
-0.25868
-0.18385
-0.65014
-0.61157
-0.6329
-0.49608
-0.13131
-0.041325
-0.080795
-0.19506
-0.50232
-0.16096
-0.60744
-0.32537
-0.311
-0.032946
0.17671
-0.042435
-0.61376
-0.69054
-0.99968
-1.1072
-1.645
-2.1735
-2.4222
-2.1195
-3.0562
-2.9766
-2.8069
-3.0499
-3.2468
-3.8221
-4.5727
-4.6051
-4.4363
-5.25
-5.1855
-5.4569
-5.5115
-5.675
-5.6037
-5.2616
-5.6774
-5.6127
-6.15
-5.371
-5.1232
-5.2661
-5.2394
-5.0111
-5.1122
-5.2916
-4.9937
-5.3974
-5.2145
-4.9869
-5.2106
-5.4017
-5.4185
-5.5003
-5.3813
-5.8846
-6.0586
-5.7587
-5.5741
-5.6338
-5.4383
-5.7381
-5.6057
-5.5579
-5.8608
-5.6287
-5.6425
-5.4847
-5.4188
-5.6069
-5.3949
-5.6651
-6.0124
-6.4416
-5.8598
-5.7536
-5.4425
-5.4285
-5.5118
-5.2132
-4.5636
-4.9096
-5.4082
-4.6808
-4.8706
-5.7204
-5.738
-5.7438
-4.8707
-5.3671
-5.3234
-5.0223
-4.9873
-5.7045
-5.4489
-4.9602
-5.0494
-5.6123
-5.5091
-5.232
-4.6986
-4.8887
-4.9706
-4.8922
-4.7192
-4.8114
-5.0697
-5.4108
-5.7101
-5.7938
-5.441
-4.7469
-4.4902
-4.973
-5.0378
-5.1141
-5.4695
-5.148
-4.7051
-4.714
-4.5936
-4.7879
-5.1179
-4.5241
-4.7513
-4.58
-4.497
-4.219
-4.3149
-3.7149
-3.3013
-3.1916
-3.3676
-3.092
-3.1786
-3.0137
-3.3439
-3.5202
-3.5786
-3.7909
-4.1374
-3.9805
-3.9176
-3.4194
-3.2807
-3.3527
-3.397
-3.1047
-2.6545
-2.8932
-2.9278
-2.9853
-2.7893
-2.865
-2.7091
-2.7267
-2.1588
-2.4812
-3.0084
-2.8561
-3.039
-3.322
-3.569
-3.9937
-3.9222
-4.3488
-3.8094
-4.0486
-3.7215
-3.6235
-3.4029
-3.0603
-3.73
-3.8124
-3.6182
-3.5562
-2.9301
-3.4378
-3.41
-3.1435
-3.1509
-2.7806
-2.7846
-2.6296
-2.5016
-2.6164
-2.3158
-1.928
-2.29
-2.5308
-2.0166
-1.7628
-1.793
-1.9817
-2.3589
-2.717
-3.2765
-3.5309
-3.6171
-3.6179
-3.4603
-2.9482
-3.1311
-3.1492
-3.0206
-2.7802
-2.8415
-2.7643
-2.746
-2.6623
-3.1514
-3.4738
-3.2421
-2.69
-2.4399
-2.0872
-1.9492
-2.2573
-2.6328
-2.5212
-2.3813
-2.6795
-2.2592
-2.3028
-2.0048
-2.0465
-1.7953
-1.6418
-1.188
-1.1221
-1.541
-1.8505
-1.3583
-1.7321
-1.2788
-1.1976
-1.6777
-1.3649
-0.90308
-0.64221
-0.57489
-0.27567
-0.48686
-0.39138
-0.65322
-0.70403
-0.85583
-0.93716
-0.88675
-0.52796
-0.8888
-0.73869
-0.87546
-0.74822
-1.0004
-1.0309
-1.2555
-1.0546
-0.81185
-1.0286
-1.3757
-1.5234
-1.1276
-0.5345
-0.99184
-1.2251
-1.742
-1.715
-1.6792
-1.3725
-1.8515
-1.547
-1.5886
-1.5466
-1.4583
-1.4124
-1.8727
-2.1181
-2.0303
-1.9442
-2.2449
-2.0117
-1.6254
-2.2057
-1.8301
-2.1527
-1.6482
-2.1993
-2.6216
-3.1471
-3.0335
-2.8967
-2.9388
-2.9631
-2.715
-2.8777
-2.5161
-2.1746
-2.4265
-2.3594
-2.0374
-1.9789
-1.8037
-2.0732
-2.3877
-2.0499
-2.0446
-2.1372
-2.1957
-1.9704
-2.3562
-2.7279
-2.34
-2.5865
-2.7874
-2.6599
-3.3045
-3.3912
-2.9709
-2.3806
-2.4732
-2.7184
-2.5789
-2.7549
-2.5007
-2.6197
-2.2526
-2.3615
-2.233
-2.4716
-2.3209
-2.507
-2.4794
-2.6842
-2.8791
-2.8137
-2.848
-2.1698
-1.848
-1.7431
-1.7779
-1.959
-1.8827
-1.6139
-1.8223
-2.0664
-1.9319
-2.0374
-1.8703
-1.6184
-1.5943
-1.6412
-1.2881
-1.5974
-1.6421
-1.7229
-2.0122
-1.6501
-2.3089
-1.7723
-2.4932
-2.6043
-2.4301
-2.4397
-2.3926
-2.1592
-2.2426
-1.8161
-2.1128
-2.0088
-2.5089
-2.4995
-2.3864
-3.0955
-2.9106
-2.6916
-2.398
-2.5606
-2.3015
-2.4963
-2.8057
-2.452
-2.5343
-2.288
-2.3879
-2.2315
-2.3957
-2.5051
-2.964
-2.8333
-3.3528
-3.3848
-3.2854
-3.5796
-3.3559
-3.2231
-3.2519
-3.074
-3.1085
-2.7736
-3.6829
-3.9488
-4.0984
-4.1593
-3.7678
-3.5002
-3.5051
-2.981
-3.0204
-3.2481
-3.5901
-3.3967
-2.9497
-3.3642
-3.5207
-3.7439
-3.4646
-3.2812
-3.3305
-3.3339
-3.5657
-3.6469
-3.6509
-3.9219
-3.8345
-3.9879
-3.8158
-3.5695
-3.5857
-3.7275
-4.2533
-4.5424
-5.0407
-4.9242
-4.6299
-4.7799
-4.8027
-4.4838
-4.654
-4.6086
-4.4324
-4.5421
-4.2631
-3.8033
-3.6455
-3.5855
-3.6521
-3.4081
-3.7025
-3.6071
-3.5016
-3.7492
-3.4627
-3.194
-3.0356
-3.3152
-3.4444
-3.5385
-4.0769
-4.1085
-4.0119
-4.3331
-4.2347
-4.3871
-4.2306
-4.28
-4.8365
-4.5897
-4.6374
-4.7176
-4.25
-3.8758
-3.2761
-4.2108
-4.3104
-4.2117
-3.9759
-3.9732
-4.0111
-4.4385
-4.0277
-4.2288
-4.6994
-5.0743
-4.9978
-4.7023
-3.9244
-3.7128
-3.1339
-3.4747
-3.4146
-3.4766
-3.5323
-3.5382
-3.4509
-2.7293
-2.7055
-2.4042
-1.9697
-2.2592
-2.1945
-2.2718
-2.2121
-2.2301
-1.959
-2.068
-1.7082
-1.8293
-1.305
-0.86442
-1.0242
-1.3389
-1.0009
-0.70383
-0.55405
-0.22283
-0.041669
-0.041379
-0.16452
-0.70599
-0.45975
-0.16658
0.030071
0.42297
-0.12273
-0.014792
0.089562
-0.029247
-0.18154
-0.56516
-0.23708
-0.5176
-0.67463
-1.0069
-1.1012
-0.70921
-1.0114
-0.98158
-0.49392
-0.76556
-1.0985
-0.8745
-0.34781
-0.03746
-0.28391
-0.71995
-0.75834
-0.4674
-0.32169
-0.18241
-0.22487
-0.4738
-0.38197
-0.6281
